34325
23255
1385
37675
13177
17068
37309
33802
10121
24335
11717
29921
21228
31111
15872
20884
42176
11420
16786
8060
27992
34208
41536
42541
10756
36591
18675
13394
35991
41561
37684
42688
36561
38794
14531
23870
5443
9875
24868
29250
32174
40026
29485
3142
13575
14627
30970
42996
23835
19374
35761
8960
16374
12056
6299
19380
8795
30958
8984
24892
1672
30254
19770
21525
12109
31301
14705
2351
1677
13097
1628
15969
10978
12310
27521
36477
21013
1167
15118
24006
7653
17156
24555
18327
11682
40797
14471
37758
3764
25965
3125
6373
3853
40306
1653
24494
23047
12549
18008
33726
16777
19964
1880
6582
13260
39372
37939
19038
10701
4354
16606
36719
9632
17323
26932
8207
19535
33119
39523
10055
1736
32416
1511
16109
19968
34346
26582
31382
12294
35681
15162
389
22219
13988
23626
21165
39476
4840
20250
30523
35141
7099
35777
30613
16566
42863
8573
23196
17717
40226
12581
30022
10568
38787
7392
9431
40666
18956
25306
3403
15377
37006
5702
34648
31260
19308
30978
27602
10818
40004
26307
39817
28977
38985
31839
14838
25228
30819
35151
38336
4717
2296
3791
36940
13717
41099
21416
17104
10268
7595
22821
14805
38377
21166
2527
19176
35588
27065
38390
11822
811
17016
41532
24303
33652
31688
33271
27460
25428
24299
2646
10747
12147
7686
35350
4366
22952
31624
20007
31533
8825
2465
20681
20944
25347
13033
38613
18989
26714
11998
23606
22702
28275
36148
22918
16005
3946
23253
2920
19977
12703
19067
30832
15352
12874
16068
33608
36594
5762
18978
31432
20865
26169
27277
17715
27387
5251
29684
5945
25825
15336
7841
2921
28600
41775
41335
9921
13882
34324
30313
19978
5062
553
19046
33370
34130
32437
10080
17917
17996
6947
10587
42408
29284
19154
19552
37728
14919
34610
3222
27542
27677
8862
32964
450
11877
11480
32542
3685
29546
13186
33889
33148
13635
10527
22134
36150
11384
31901
10485
27441
34479
19603
29357
16477
3587
40511
16909
13325
16781
15379
7448
12628
14250
20579
24605
2731
22909
3491
31003
18831
18039
9695
34098
19805
20818
26979
28867
6000
1158
5604
14695
34138
41779
13265
11496
17665
33751
4581
3859
10931
30140
10697
9840
16059
38706
20082
23601
26314
13707
23201
1121
610
40818
26743
3158
10102
37766
15025
7591
28555
17088
30789
35684
35971
23270
21616
3996
7831
19806
31436
32394
38786
9050
27539
40624
913
26992
20536
1372
3095
14223
37145
22264
20827
13555
22320
20864
35682
12503
25519
26057
22551
14742
40333
2687
25103
6260
35628
41724
20747
36825
18249
11705
30375
12165
25417
22707
41060
34080
10033
6677
32426
14528
1025
15961
42008
25873
17923
13492
7787
28719
5299
27392
41291
9429
17955
25539
20054
24433
18089
32170
8231
9001
14795
16640
14240
23746
15584
5114
17124
20300
13719
18480
6695
37773
28854
4092
42901
15701
10591
26449
28842
13961
6413
11830
25146
2518
12369
31423
840
33847
311
24506
33236
12206
8694
39731
5910
22433
5853
14591
666
27370
31866
41739
16997
28367
19597
23668
25826
4205
7033
1860
6363
26762
9242
11164
22921
25007
7864
24688
13509
39868
40084
35190
33892
27056
9608
36328
8385
38310
7935
16387
23334
12145
22516
26290
30277
31397
26498
29087
7207
3394
26178
18562
15290
29905
23168
35026
881
21930
29611
7457
25137
16900
7327
15688
11229
19579
32258
18412
29474
22944
806
41846
10496
36845
76
9404
15498
26776
3196
13499
5126
28241
30927
41250
42589
23969
9712
17516
29316
37484
20305
35101
34106
37396
2898
29352
9652
27152
34266
5254
25173
1156
8214
18578
20959
35490
22532
12473
3831
37685
31880
14914
24972
27961
23153
22746
27317
1115
38438
22135
38551
19761
6317
2169
2320
13682
21991
29671
16775
8818
16653
14365
25596
20763
22227
27176
30815
24155
6882
3226
29696
21357
14558
36884
32337
37997
10754
15999
525
8460
10730
33452
34546
9082
7855
18645
34928
36415
24742
15604
26328
24013
21037
22019
22325
3444
36903
25966
18723
35940
24397
37095
3014
19490
2397
7530
4467
13168
20672
3334
22379
13814
35597
29909
8081
26539
17092
11334
25269
34371
26480
17547
18024
21448
22018
3504
31884
6332
37037
35587
5420
27548
11565
35002
34443
2467
28368
4553
39579
18720
31015
25861
22097
1636
4027
5998
10812
36114
25669
27698
5797
15630
4636
19183
38311
36709
17992
19957
12619
39358
16681
28611
30094
19106
7390
10902
23664
15621
36474
6614
17065
7053
38164
5104
11657
7850
37438
41525
27508
12907
10561
29873
41278
27849
19562
236
7285
23641
37726
20190
34584
33484
18121
28825
17670
13491
24912
42783
30702
15066
22237
11741
1747
31115
38432
31000
12386
10253
37792
16092
20906
41009
18604
37270
72
7663
37000
37166
27956
35321
20071
26573
31461
32540
14841
40184
14460
5559
4677
9396
2786
26455
7740
16102
9185
23287
7450
28297
12300
12571
11009
24809
24267
20227
27610
2057
29666
36522
12641
25175
16295
41300
3104
18631
28512
12851
38182
17579
17737
6422
21271
22041
6077
5467
29099
8790
17364
19516
23145
5693
12881
22455
21387
30685
6887
34538
28697
10176
31588
7529
31043
14602
23906
31878
27711
11994
26318
23727
6148
24049
21657
18763
19944
78
16340
17671
12009
37711
6796
14699
25440
38458
4849
35524
26173
22984
15786
36115
8004
9122
10402
18016
9631
13970
40112
23044
19169
283
17365
26187
16591
14601
13958
30818
22908
20462
14051
17826
2906
22899
35176
27988
12546
6917
30977
13078
37301
11023
7722
21161
6173
16910
26847
21012
20102
12651
18472
29274
3739
17295
14306
19917
39814
26172
1740
11619
34757
42486
31221
38637
18049
30319
31578
16272
37646
19215
12308
30405
7357
16754
26553
24632
6233
40843
26301
24980
10418
25702
27504
26735
29234
42505
15790
17918
12483
24424
33591
34391
16351
916
17427
17170
11021
31047
18471
3553
17053
7924
28185
3308
17692
28204
24078
11463
19888
28497
21910
36287
20261
12435
38825
22427
8607
7868
25731
25459
25155
13710
39241
41179
25425
7225
31614
3069
35098
7870
1730
23831
32423
29865
39136
16540
24830
5237
8384
21836
4312
15868
10120
5724
9201
1759
18195
12936
19671
20505
9690
21511
35988
26789
12461
106
32624
39069
4885
14412
12101
39895
12131
39266
27327
18093
34675
18883
39174
34185
37164
22277
41689
24421
1315
8609
13169
33141
5246
40896
12986
17406
4957
25734
16604
26382
23067
20407
21006
40281
8632
20445
20633
10710
10260
38441
24977
10442
29656
42533
3823
21793
32980
9931
10543
25147
30780
8794
18810
12360
10661
2812
29660
39087
42994
42566
13599
6390
14421
15187
40477
6718
12696
1487
5211
3249
39457
28248
26912
35967
35995
1668
39668
8049
21692
35276
22726
14827
26457
33067
24696
20424
15328
27601
30989
1341
29529
1466
32327
26626
1834
19009
33029
10868
17490
12052
21903
12902
6534
10956
7764
27449
32430
20764
9713
17899
41577
15050
20667
26236
34070
23085
36842
20788
1761
27560
37231
6583
30592
10627
29877
8683
39708
14637
34646
26587
11191
14170
1774
27385
32581
5607
24673
37311
11755
18914
37502
36951
23184
11207
5462
3519
21679
3186
19383
475
15163
5427
25938
8446
11179
29196
39724
37264
15629
18163
41735
17108
33164
1893
1892
15594
32815
19607
8904
19990
14098
37459
6996
23834
36982
32013
23937
35001
39756
3392
34083
16170
9710
8854
32602
31434
23609
23120
33535
20496
11658
37165
42851
29473
5906
15744
15953
20745
26431
32453
33055
10438
38181
41310
6703
10615
10431
33198
21098
6378
4490
23472
25937
33035
5199
7656
35270
1057
28866
20975
3687
30888
25025
33234
7466
21817
12655
21650
4950
8257
2329
19745
11585
30400
2463
13536
38056
36739
32670
36268
20150
41767
20806
25381
27562
15042
3804
10907
38327
34562
28056
27725
5186
3447
22656
22547
14662
7716
21398
18261
7973
10258
18431
14908
16364
25334
21835
17823
12974
16447
24967
8599
7270
18912
27682
22273
22552
40588
24813
9730
36084
20942
36649
37761
30409
14449
40345
7641
30455
18233
11425
4202
28229
10212
23466
6163
37851
13694
6653
40703
20076
27966
22704
15921
16666
8355
27631
15417
3964
7903
13284
7633
15102
11687
12322
23535
33049
22094
15607
3899
17611
18545
8026
36072
32519
35651
28766
16050
22561
13057
28292
14991
23045
38641
16424
31009
22883
4751
38545
37090
23605
2801
13490
12420
9520
13173
38914
31786
7837
12608
22864
31604
31429
19407
6256
35191
18993
4034
11790
35819
297
28674
12037
40162
47
28352
3634
11535
14641
23036
17180
32014
9726
7280
26276
28406
36730
16258
3424
19488
15849
19966
2362
9753
14065
25788
28156
13881
30068
16049
11865
11267
24036
29880
26375
11703
12293
8775
37440
6237
42270
18838
37902
25687
14758
22457
16484
12034
13494
24131
6783
12242
21856
9453
17489
37397
1570
4994
32196
19227
24587
33790
22384
34389
16895
36749
22143
7967
26572
22341
24286
39388
14898
38341
10079
20329
14654
35589
32030
3730
14044
33348
23307
4425
14416
31554
1350
9729
5750
8293
31936
4571
22436
41682
602
20053
41252
921
27644
39657
14410
15603
19644
13802
21192
12139
19643
25726
39689
10623
30675
8691
14971
13134
8664
17557
14578
18465
10501
40054
31097
12516
17437
1046
29118
24432
37277
29493
5029
20454
3268
5066
38553
3575
10962
16037
11503
7541
9134
4174
15814
10885
15002
5316
26593
31735
5230
6265
1624
13595
27759
25882
18684
26650
21405
28008
17045
22297
4679
5209
19691
15649
26196
31703
12670
29155
37804
31019
32841
28910
37821
41216
14288
20589
36445
9423
27779
25278
7981
25411
36968
13922
29741
10184
40153
37942
16469
28070
5167
41464
10599
27493
26718
18867
12809
8071
26056
18259
42385
28214
33447
42520
33037
11588
25703
22153
41610
19277
5534
21821
1185
13731
42446
21204
35456
35209
5763
4498
15588
30251
37644
6191
35560
18798
17029
33884
30837
28302
24158
15828
19936
37651
2250
26300
41871
26761
10753
9696
23232
33623
13803
16637
12762
41677
24016
4842
36870
38283
3920
435
19992
7410
32004
4089
23102
32944
24697
27671
12861
29649
16163
38902
36710
34855
27192
39012
21297
12280
3290
34840
20337
32297
23325
21367
22126
10044
37170
35903
3538
17812
24904
16419
40749
8401
28327
12705
23013
4733
30600
30670
2225
15437
12622
23204
13187
10294
19291
36539
885
35553
35539
10018
16743
9212
891
25185
42990
2488
37149
5612
30226
32410
42444
36418
40769
31773
28792
5623
12313
20547
16238
12588
35361
29953
23716
6464
26017
18677
31468
33177
30913
3922
24280
4196
18528
17017
6277
29394
13848
35920
14151
8772
25961
4766
41320
11936
6605
18162
42691
14238
29814
30960
18174
13861
37884
13162
16826
39411
15270
2900
8842
200
23134
16135
11460
14392
29017
25605
18241
27942
11186
32217
10795
22579
25600
35616
23971
17264
29152
41523
20425
41964
26
42219
702
19600
37406
2027
39116
33795
10797
20033
30055
33762
18746
24162
17409
27403
36053
14947
29700
2953
19148
21058
13110
33312
18004
20175
19254
10383
10768
18740
28800
40043
19536
17375
22988
32345
10734
14457
19584
3588
27721
30246
19483
33874
21156
13928
41221
36460
29571
16928
10279
20043
16297
35740
10077
29169
33090
20584
17351
24114
38178
1945
27918
3983
3269
7631
22106
17814
6340
24133
21065
3363
43018
21008
37752
6129
5841
23853
8144
28038
6471
29792
36809
32919
33048
17210
24748
8313
16574
19915
40007
5446
23339
405
1105
31886
16266
31488
27511
16525
23688
15004
23226
10678
22172
18010
25008
29067
12149
10070
16489
14398
7093
15668
17584
17144
7976
29964
5825
34052
31107
11150
39004
40159
29657
41891
42692
37374
16045
11335
17623
3198
61
22265
29332
34977
29388
37120
12058
6134
35974
20969
41755
17288
1610
9668
26636
14154
26147
39041
25464
30547
30077
25321
42232
6922
5627
33040
27797
35729
36587
34525
2728
7045
23341
32959
17276
28220
4473
33548
15048
41358
2559
11906
35645
27047
41000
11916
37587
14105
20206
36184
17663
16864
4612
2326
35351
5761
15312
2052
10642
17566
29350
34706
24107
24750
14321
7400
37592
19779
10621
32146
11369
26926
11497
33137
8058
14436
28326
28014
33321
21107
23519
20225
24156
28135
7097
28438
20143
12645
12749
8213
37233
27464
37781
7786
40935
22781
39482
9566
35710
41274
15703
6961
29889
28508
10826
16785
7510
28242
983
7218
31192
26206
30874
12337
9887
3850
20834
14370
41486
6022
24541
7597
12807
35779
20539
32404
12004
25901
19993
24091
30779
29606
23919
6840
21306
5892
23920
7232
14440
13322
20776
23125
17033
32052
36970
5204
5540
23446
9945
20363
13360
20453
34252
2893
10821
10265
23087
22173
39676
29393
18736
28701
17467
23182
34319
605
3827
9425
9746
13608
5812
15222
29535
19982
8971
30646
15982
16414
19362
13895
31645
32235
16899
7825
30793
1018
4552
24550
29650
1601
30481
7382
24419
23434
34863
37602
36867
34556
30403
25104
39839
36542
36630
5714
29967
31520
13000
20476
21907
8139
13869
13165
8248
16994
28908
37295
9641
35914
28109
21456
21949
13258
28098
22992
36333
38077
12324
22617
4156
22333
5933
22061
14539
20068
18990
7661
10257
9177
22331
2053
19910
29749
27706
2909
31712
23712
35536
36670
39600
12472
24699
4697
30861
21818
32190
30360
29421
1602
8867
4391
29641
21267
4215
11646
25949
14088
29681
4361
22494
6536
15573
36810
11181
20920
14800
34766
28090
20752
34811
33935
1741
14738
10235
20687
27495
16479
6915
11607
35324
15892
31367
13419
6639
24795
35522
21933
15065
9623
4967
40651
30739
24240
21512
23054
42231
16670
24098
17123
21197
28936
10373
176
25947
17701
3160
23808
22372
3474
836
6953
8247
33252
18995
12838
34739
28165
16214
13401
17189
31937
37063
28449
37790
36199
34827
10081
36482
11540
40713
18930
29662
18729
34063
11516
32747
8675
33677
3469
19786
33805
27928
14911
22279
31013
7145
22323
4886
27664
21016
23205
18755
30424
7809
20168
1116
774
8020
21950
11045
23876
35800
7520
28905
34012
15232
264
10471
26337
10249
6485
12000
1852
8967
42196
15888
6827
19802
29957
32218
28187
35705
24871
37394
26904
6040
6588
36314
29483
8055
32135
29810
14541
13200
24289
24645
33390
36502
17532
9595
34129
36541
8467
1743
7489
16041
13279
38210
11029
10588
32686
35865
841
27099
7794
37629
20637
18467
16263
32649
97
39217
15493
11518
23418
31907
3593
19650
9578
36954
16264
12299
39221
31193
27174
26653
24934
16550
4568
11034
3863
14942
2264
4208
31606
30882
3443
28273
11810
3952
19072
14034
17673
32877
32561
28046
11151
38824
9203
29132
26691
4980
13318
20398
27374
30343
15693
40062
17866
11494
35235
22642
12932
2790
7015
2784
31709
33578
18402
31402
8894
3429
30433
26523
22645
27537
30622
23896
15261
32259
30230
13914
35300
3487
30665
36698
18310
36143
37945
6272
25925
11758
34370
29403
25790
18564
32691
3997
34116
42470
4173
8041
21559
14033
36241
23467
41403
5452
26753
34521
8441
18539
25798
14943
25058
37861
12091
28692
12536
9480
38807
3148
23378
28638
20733
25612
1149
21570
11217
8230
27133
1053
41802
37662
9794
9714
22188
12895
35474
32299
8007
33196
1211
6465
31074
1232
10410
28913
11611
12836
23669
41276
13188
18709
38998
41292
20275
16991
24402
11637
37190
21667
1485
28998
28548
30669
15026
3449
27417
12625
22665
22067
37022
2858
20936
14111
24611
8780
22965
39486
23500
2702
5557
13567
9332
42559
15914
5132
26135
8465
18657
35359
11064
42230
31733
1127
25027
27210
7699
25716
30189
14769
27372
29218
32344
5737
33245
21478
28033
17734
24907
4995
3609
34703
17314
2931
473
6879
193
27270
19020
31767
15097
25964
29410
16852
2497
26109
27035
8958
7593
26494
29050
2033
32228
16841
17821
31263
27924
5492
5736
16948
25163
14741
19123
29120
14666
42041
2097
12246
9639
27237
27115
13184
31099
31607
41461
15155
9760
15116
6983
24751
11664
29555
4475
11258
9707
4812
15897
17788
23778
31543
13594
9596
34405
10335
22122
34367
14062
24464
12596
17813
2511
7192
10996
27401
34515
31369
3819
13239
41620
5152
38097
29718
3161
7456
7498
22208
10174
2489
27142
817
19114
17606
23541
24101
17402
18926
22461
10439
17799
14862
27118
19292
41712
40079
12511
35626
17268
30862
11855
40163
16080
748
7451
23078
29127
36068
39404
9339
35494
9076
41012
15478
32254
6381
6836
14066
14961
3619
2102
19983
3645
11125
33392
16970
14005
35414
30453
39900
10054
40144
28507
24769
16697
7050
32656
42080
33961
1356
848
8750
17672
10770
28376
1845
23561
6619
32690
14538
27544
28676
38096
28031
38490
14722
16007
18550
35170
20164
39452
15590
24711
23692
24607
16839
30477
32363
14203
8680
14530
32937
9024
15723
36592
29362
10802
31024
21063
25020
27342
29189
11568
10613
35948
14463
32464
15732
18134
18048
3915
30180
3090
9904
10181
10670
2993
9432
19435
228
6939
31186
14006
11182
34668
15536
19368
21576
26385
16441
10408
3402
3781
28132
27218
40423
18317
2776
28846
13013
33562
17089
4456
4371
5449
20552
10007
38636
833
12363
376
37005
6344
10270
41450
15220
12930
22945
36490
25226
30044
15593
4816
25303
33091
4760
10288
9256
14447
40086
9031
17059
16245
24886
19438
6347
9719
33085
8956
838
36086
39484
26955
40418
16499
3533
17494
9500
11362
16917
16024
31293
21328
27603
37575
27168
34094
21187
4163
9966
8551
17407
2145
31887
12428
13605
3571
33497
39738
34753
5613
14451
35433
4157
32828
12372
17325
16947
26167
15391
40682
295
22115
29224
8807
18227
14318
21154
35287
11918
29727
274
18674
23914
4326
15319
24955
8131
25196
15150
5429
33541
37213
25495
1764
21136
23008
11799
14832
8155
34141
26308
28860
26504
24881
31310
35670
26136
25081
37882
16343
34692
4600
15054
23310
1543
3182
32856
5392
5922
38071
29959
28784
10262
7079
35011
28740
37437
28503
20171
16150
36431
3851
3499
2917
39260
39317
32810
5276
30270
42985
3583
20853
33482
11772
10891
19984
8177
4949
2266
28069
18117
20824
21560
27323
25367
35005
3815
12665
24860
20988
39007
8569
16770
40368
28036
591
33577
21772
37627
23061
482
14825
10095
32736
11973
5216
27148
9818
8711
11733
23246
24928
39465
38895
13525
2508
19670
14686
12522
16759
25644
23295
3406
20957
26069
4420
41365
4727
37043
16229
31652
9951
14470
34427
5045
4070
18459
30434
10771
36352
5878
20992
13874
13775
7353
37191
12998
1944
35258
37081
24520
7019
3537
41478
28289
71
6388
10807
11977
10987
16992
14089
20201
5915
17312
40453
9678
24753
29372
29012
29011
17157
25380
28953
2742
29997
12745
8754
31416
12401
31704
27818
1872
13543
12716
19440
39489
6391
27824
22739
10582
19647
14448
11948
32654
29139
20917
9532
9056
39640
13003
21007
23273
42325
29361
33763
40445
24211
4308
2461
10216
8329
24488
5794
20266
28823
26289
31910
38351
19014
6068
1134
36679
18939
33689
22216
22531
14099
16283
1054
6130
2929
3353
12319
12823
15191
40230
24493
11519
17751
3413
21352
12408
13800
4708
37609
895
18058
36051
9098
26737
27423
1208
27249
22189
33842
17072
35009
18150
37432
40775
17025
9806
27746
10187
14704
4064
26464
31329
17889
39376
18919
21888
22364
18300
13237
23281
34261
22661
16512
27339
31233
17598
20836
36372
18953
24524
20625
35282
8733
27522
11778
11584
137
5089
3532
37070
8537
20006
18655
11606
16787
30596
5617
9658
35610
5153
20037
21578
37544
13082
5293
34038
17280
8765
42585
27645
36403
39840
3589
33662
12660
42878
13653
19568
26970
32056
38622
21707
32840
14765
13007
35326
13712
25351
39975
4615
32433
39321
30207
34781
12325
7402
12005
13673
415
20607
12397
26112
8327
32739
5165
14296
33625
34800
2114
837
23956
14479
24157
31261
38352
4968
25664
28989
14202
25013
3224
15491
19449
32314
29254
32402
29704
13683
20167
9466
18090
12894
13176
11380
20719
5164
13289
13252
11728
34111
8965
32273
36958
9506
3342
21937
34710
20530
5962
33126
29392
10695
4547
25592
18826
21443
28770
16131
41612
38589
23744
329
8476
12188
11243
13150
2299
5178
13375
19134
13780
22000
1682
9606
25715
15007
12550
18816
39955
20740
3062
7411
8377
4066
22448
22807
4113
37740
37849
30062
22194
12043
25707
22662
27488
41341
27734
1251
164
2980
4435
29469
673
5898
11189
13551
6236
3993
8914
19242
27920
30698
42206
8995
22907
555
24831
30091
28162
21638
21823
5413
27768
34663
30535
12373
24130
41809
8542
9861
31439
28363
1051
12896
13378
23989
32859
12789
32359
32578
34282
28337
19195
19943
26092
18615
21786
40527
18889
38801
5687
34847
24560
37321
2304
13133
17150
23294
38670
39635
23060
25990
7418
9115
9747
39821
38263
8455
32194
40867
39641
5865
38044
13727
26019
17787
41580
11842
9676
36937
27545
35107
27103
16944
25109
12726
4825
1216
26648
15977
13737
22388
35590
31303
25360
28509
25617
25031
15671
14540
16535
23138
783
20495
29058
17040
9381
33427
30828
16733
14548
28976
32862
39492
6349
13514
20647
2503
52
26766
14557
13135
24888
24510
6219
38298
1209
6715
21693
36319
22803
38605
9090
37268
35732
41608
26156
9517
37429
39853
2452
7539
13420
4738
13388
5689
16132
31694
7028
1204
35808
4168
40784
689
11126
30019
8331
2205
27415
6962
28274
26054
42019
10476
13121
3017
33770
6268
875
3647
15559
29927
404
13448
6566
32384
24978
27648
9902
20368
22651
30407
5840
42726
6793
24774
15616
34192
39478
9281
12080
2447
16847
38463
14333
386
13354
30624
5280
1497
19777
10958
30224
5005
5331
31986
13862
25896
20099
40388
15719
20605
20578
2298
39039
24176
14341
17590
19945
16817
9499
34059
5396
2050
22004
14583
11781
8507
9005
977
5967
37158
23136
7195
33870
29804
1607
21059
37816
22625
16230
12672
33959
42920
39246
17308
24932
6792
15354
26719
5024
32588
2615
6075
40555
22083
38407
20791
13658
16507
23203
41512
22479
41307
28022
39312
42434
28104
17503
5368
8726
20411
15820
15672
3384
32438
37654
33680
26805
17840
3501
12653
416
22522
9172
39316
41349
4123
4150
10748
8098
12362
30085
30491
14844
3578
33830
281
13542
12729
3231
5725
22610
25358
38796
41428
734
26132
29395
32614
15179
30872
23296
12889
2025
20251
14709
26778
5711
7352
13626
33184
6804
36259
15198
25255
23532
4900
8940
6141
41897
24281
17977
5107
30227
21636
18641
40947
16288
25353
21875
11746
24005
8260
12593
9567
36786
23537
8905
17341
35674
27166
4364
37624
11789
24368
13115
27048
39200
4152
2059
747
6675
30936
4833
34734
29944
15071
5319
37875
27087
9103
31865
19042
35008
19446
40396
37923
37361
34615
40209
11897
21399
10813
18832
39686
12687
12568
14970
4458
9091
15852
24415
35031
20635
17841
38570
20080
17023
8843
23822
10008
23527
8725
8347
10571
24782
661
8266
24539
23569
17215
25111
3875
22689
10291
37326
10729
26360
16619
34241
13081
171
28150
28319
7490
10694
36326
13506
19701
25785
13267
12750
17902
11193
9716
26739
37655
17656
36994
24701
18873
10897
24628
11416
12061
21828
26098
11819
10717
11025
1271
37546
6660
10149
4584
18234
9698
21613
23010
33202
26122
2831
15611
8997
5081
20588
27022
33149
23525
30621
910
3146
37112
34691
15434
6324
32375
13977
13353
37746
27139
33117
18193
31780
6944
33031
731
41471
29390
38520
27362
8047
19494
8606
4440
30988
19121
20073
42261
1911
25735
33167
37621
12755
36611
35542
7977
9528
21413
21483
28060
35839
18691
27203
9772
29966
17422
4866
24533
24430
14839
40313
16094
2016
3727
9102
35764
12012
14766
8587
6392
35790
30735
35060
25870
31847
14819
7648
40706
32155
19746
12359
26867
38481
11250
38480
9481
12839
102
32501
15597
10622
17588
8254
11576
26755
23780
23413
189
9779
14264
6012
41026
32533
31841
31853
3440
10965
41838
23410
8374
25302
40322
31968
32429
6106
13681
691
14786
11512
21537
6843
35711
20619
5574
33647
13896
15401
9686
7685
20624
21236
1760
11089
18350
14761
22758
11796
24568
10243
24738
35510
10374
17201
14213
16239
10066
28024
18069
3134
24338
26629
20997
7851
20490
37445
8936
41432
15482
24209
26845
19392
40008
42502
5582
29665
14368
582
8944
16294
25151
15016
9913
24203
9778
17736
23637
28095
37395
22604
6874
23336
1058
10098
26018
16485
29572
38571
2739
8259
32711
35671
12994
36221
8626
22396
41118
9741
10086
29540
35108
20218
21103
27424
7444
15815
35600
14535
10521
10629
11760
32917
5073
17090
11638
21841
33224
5688
8464
39910
3064
6096
13934
32646
20388
15349
5033
23598
27697
5966
39969
28575
28417
10224
36266
41617
34585
22674
5785
4670
24445
40780
23750
23313
20223
32317
12875
12652
38725
7123
37762
37234
32671
37918
33086
11202
23907
9375
7365
12211
7509
8588
27322
12847
9060
16713
28612
16866
36704
25313
12833
6847
21112
18663
33008
19258
13513
12939
28142
22274
2504
30583
36140
22524
20668
35479
1456
16318
39580
1530
40275
20749
10684
10458
8492
3830
17554
17079
30065
10834
28357
34916
23816
12917
12128
3621
34933
8577
19637
5471
26670
28474
4663
35277
21960
41487
25346
41443
30133
13465
22559
15056
17862
34109
21378
41095
24265
2960
2388
28520
16510
17560
37413
27084
25541
38598
12611
13919
39972
170
25059
17192
30515
27224
21365
697
21312
17698
7263
28596
27789
17723
31381
4024
23059
32432
1994
14029
24116
14702
16456
26594
20177
11303
28030
11554
38671
6886
22378
22445
21036
31832
28871
11118
18689
34630
3828
7999
11536
13899
6976
28404
19137
15684
6117
18985
24192
29793
35495
2619
29214
39013
19417
34424
20426
26710
15458
32749
22951
2723
36753
978
42742
12816
6267
16254
23985
8178
27016
7329
7160
11978
10937
24538
8235
36358
4781
4125
5960
31902
31630
31262
15034
4911
14821
14588
11517
9152
856
13238
3928
25254
4301
28686
31822
14032
2570
41684
22562
375
37286
41345
17202
36844
16145
29414
4423
40157
21314
15931
31464
20096
17464
14571
34397
14359
13860
8502
1937
27668
687
29040
27591
33634
34965
41370
16610
9088
32400
28004
27158
37201
22731
31145
779
6543
19262
6194
18828
227
5932
27075
22681
42378
22007
7233
7721
814
20055
7425
19398
18668
21017
1402
14926
6210
37831
30249
25791
9580
31568
16965
18224
27895
9717
12679
41930
22044
40888
32636
4016
22032
12180
39949
28703
12404
30061
32203
18627
15960
13336
31626
3821
26964
17378
12253
14228
34628
23328
4511
19668
10475
16249
18852
36907
26359
23610
22100
17546
41526
13698
4266
19419
20130
2637
26676
21858
6368
25805
42010
15272
27484
3115
11253
12255
26829
11392
14265
15983
12501
39077
28804
3967
10853
3719
39242
36558
38320
41079
39772
23540
6849
3400
915
12970
11527
19916
33765
5641
10957
13639
27162
17645
28620
21348
15887
30148
38217
2546
30759
19379
32838
18070
3120
40244
5863
6728
29019
11950
14575
30797
18680
39682
1336
35403
18595
11558
29934
24891
27905
18258
4859
21279
7231
9278
336
729
5625
35283
4030
1807
27546
21168
37635
3825
10099
38956
40523
38462
11722
10378
14555
3671
26660
6800
9366
20393
1822
25414
2755
12028
38229
15129
11698
30124
10955
4998
4742
39777
40751
5955
39978
4160
37185
30524
18352
8450
10824
8808
13467
412
14730
17807
13352
17035
8203
6645
8791
7407
4395
19912
19422
4718
13750
36390
39671
4269
42245
8519
24961
10644
15761
3872
38804
33576
20141
32392
13666
17601
73
23113
15474
21884
1221
22300
13629
5638
15880
27487
41546
22449
10836
16298
28569
37398
35294
36826
19032
26721
32396
39051
22871
22246
21676
34136
10567
534
16611
32507
10721
7852
24121
37056
20606
19541
868
19922
710
17096
23671
1858
27028
16405
16234
13166
35677
41253
8328
29163
35212
41509
31634
38814
40210
36868
13945
20174
1220
13107
15411
32080
10453
2484
39790
17518
18125
39947
34908
588
28408
35604
21321
21033
19270
37860
31269
6533
824
37376
14610
25438
22104
9871
41607
20008
10551
21377
6817
15040
25997
18280
18510
35339
33054
12476
20332
14073
8499
970
5180
31503
38495
33174
5551
27144
10160
33946
12686
16465
27755
22026
37023
20532
30887
7393
18808
40278
31290
9148
25649
2645
3896
18055
11885
33895
20152
37258
110
8655
4603
9754
35413
41599
10631
6798
12114
29677
29594
12801
22141
10857
26084
13817
27625
30388
41434
35111
13044
26581
31496
30558
3881
17832
11551
6625
4865
34918
30851
32587
25713
18775
8555
39538
12164
13409
2412
17265
10963
1865
34489
14974
15136
37116
21902
26832
21953
10742
14587
13124
21341
5868
20114
28947
3810
16828
33810
38662
24810
20981
17010
22549
13600
3802
33517
21459
21530
34623
19738
581
37010
21240
13582
22846
10136
6360
33638
5531
4754
8777
21285
5053
15096
15149
26208
33417
24186
3203
30040
37074
6356
21214
3563
34751
13589
11769
18770
21672
36443
9628
42145
12909
8994
32493
15276
16960
12828
19223
37947
10358
7468
5846
24917
40366
22652
16761
16035
39562
18576
34378
34174
8386
12155
7579
6576
24558
21150
39765
13846
11927
18006
1561
10039
19833
24339
22082
3958
39109
17905
5249
3748
16061
18922
12860
33933
41199
40463
31715
12552
3187
17405
28889
2734
24437
9127
26575
36657
10509
24163
2390
22255
22986
3708
10948
33803
18272
5836
14995
10838
7073
30879
34125
19871
14624
951
37433
40035
13444
28345
32134
14523
18172
21752
6227
31138
26042
5478
38984
21143
27944
1401
16933
12391
22215
5894
40669
4984
2532
8287
19612
27665
8181
20877
34246
16766
31846
24793
5433
5282
8866
19669
3898
2811
13190
15656
34223
5225
35371
36973
30713
1170
1086
11719
13181
37345
30660
9061
42447
12423
23694
35303
26316
28444
37214
19633
39944
9602
32233
31140
28799
26286
35889
38482
20548
18980
21434
2218
2918
13458
20063
20075
7887
11049
16739
15620
28973
413
35262
17620
4893
13257
42162
36066
8417
10175
28994
34449
18960
14473
22836
6794
3293
10939
32270
13598
23233
3995
22121
17757
9744
20260
35187
8128
28177
10536
36725
29222
32291
26605
6001
5716
39628
36444
751
12643
38913
480
18291
4621
10648
11313
18330
28940
19540
40954
31212
26179
24590
24269
3936
4927
35409
9972
628
1789
26701
16530
28447
21923
23550
14917
2524
5771
10329
14110
36616
34414
8802
21827
24050
5259
42222
4619
31295
36792
20157
9229
20355
36812
20837
29331
41973
7142
34257
35999
19880
20896
6417
14572
7523
24217
39936
16891
599
23335
5466
11184
26542
21100
5747
19185
17417
24033
1906
19549
4721
13447
24074
38169
8714
5843
4085
11734
17894
34511
7157
30291
4200
14113
22039
11934
5679
24665
9867
17071
42425
18450
4818
9223
21985
14211
17127
37221
25463
17316
32722
23154
21854
716
36796
26658
31601
14246
24181
15027
42779
9936
2697
9307
13439
28777
14188
34656
25468
16848
5529
32801
9968
10715
19447
42105
19424
10370
40762
23220
1479
3364
28944
42525
608
10131
14378
32059
6598
9297
12115
30149
51
4281
7440
3475
12451
23431
14882
5040
4100
152
3864
34495
12062
17738
8698
39124
39940
38499
20883
8070
16711
32511
11840
16381
15558
5635
23595
38967
27157
18340
12227
153
26352
7116
14816
6593
8383
15335
7222
2091
11088
18975
9630
22990
7163
6258
27021
21558
1803
19460
4570
3049
12274
41858
39834
1583
28260
9329
7066
41418
11047
34474
22102
17041
31559
19826
24855
5495
4903
7004
29682
271
5647
11295
22848
29014
23611
26139
28663
25628
13678
36991
16784
5764
11082
7077
7762
26064
4055
15738
32770
34680
6611
39886
29061
38136
2867
7680
11423
26405
33475
24553
28336
26888
14358
10391
15051
18147
9950
41245
19209
23871
2547
3782
257
2542
30616
7798
35730
40955
32307
10693
36510
10862
12685
1808
19532
11905
21102
22603
11262
13955
3779
37479
3506
39716
42239
35265
8709
25705
23326
23353
24625
2545
27113
8736
9199
16075
12412
15706
8763
42146
7738
22888
9008
4583
2635
38568
38099
34392
28119
7528
2746
16918
16631
20909
39438
13309
9978
23164
6966
29430
7338
19092
19025
23312
18242
28872
18199
29985
40488
36620
24540
37949
17177
3311
40502
29848
21644
4783
28303
19589
29033
22599
524
6701
18497
5964
41693
31124
34740
30210
6425
23741
18718
12885
2157
2029
7361
26243
7433
38599
27787
35469
12318
7070
14243
18611
12089
16849
38989
18118
14431
21589
19157
34058
20345
39953
30456
16022
2946
30197
8437
36400
11989
22692
26628
13461
38961
18672
37369
9977
37392
16732
16420
32634
26850
36030
8182
7286
16231
6658
6292
17085
20943
11941
18331
18452
36186
21655
25478
299
27703
21918
40015
24620
7191
5581
9363
11523
27190
25403
13337
12753
4617
33409
14286
21331
26257
14817
3711
29440
17797
14293
16403
24929
29104
27383
39589
31609
41918
10165
17484
6387
18898
37891
15623
580
19695
41582
18856
12689
15582
37381
41422
18806
28083
17741
22976
40574
1512
17006
713
38508
9359
29219
28672
5631
9017
7919
41430
2513
17398
25822
34380
387
18286
11500
32398
8088
437
418
21796
41759
30750
18590
370
17614
9607
35649
30263
9445
39874
24548
28093
27620
20953
5916
18535
21717
34494
24764
13865
37050
10078
10213
27528
27443
3271
35110
23179
12800
31006
16070
1092
23925
13138
19390
9092
38119
12051
14966
27206
12393
39787
42487
29819
37784
1883
26588
15563
177
3658
1779
17159
18620
16625
36321
40149
36596
17227
12955
24573
5453
11629
2044
32100
30110
9510
23926
3243
23321
3273
25294
40689
28294
7105
7811
17730
9604
29027
5096
22174
383
3837
7196
13687
32070
41883
14401
3451
16589
34631
15017
18420
12102
4563
13006
29969
2418
16790
36067
16975
31529
3916
6221
33367
29487
12029
9796
30632
27751
42454
29434
26104
36777
29348
1324
15699
3396
1531
33400
30380
19832
29419
25399
15690
6126
10432
3270
13976
35485
1056
32734
40387
5543
14024
13341
3822
10762
22233
12339
10248
24407
35382
22346
38179
23592
1338
14050
18506
24535
26493
8423
11617
40905
5822
15753
5883
28065
7399
8911
20136
4975
40916
9547
42488
16511
15292
39685
41899
23983
16919
34941
22623
38860
17952
8663
5275
36519
20429
636
23055
4014
6131
41995
35025
39402
13751
27461
27604
41348
28216
19727
30130
9073
32808
7384
28847
24456
9384
24939
14925
27791
16623
29627
316
23071
3640
11383
12565
18209
24517
3723
17468
23190
12497
21965
626
10434
26595
22308
15900
4172
4187
22556
5197
21327
1168
6418
11684
23693
29369
31972
11330
33416
41096
21083
6337
24812
5257
5469
29286
25024
2885
15613
38414
18546
886
35840
10773
39034
36565
37032
16106
24559
9137
26475
28613
13675
20024
3812
753
26162
29272
18509
42956
6692
26657
8605
1510
20376
27196
9914
28133
22931
22412
7570
9619
41200
8324
20923
20714
16212
34215
38364
292
15388
1621
11549
15654
35697
9079
12502
23035
4843
34224
7472
26592
2300
12908
13933
11400
6803
1770
20512
25831
13065
36931
41698
25511
18715
26372
17100
11401
6445
3457
13083
9272
15052
6552
35053
17624
17376
13840
18907
14268
39175
18963
42141
1496
18318
20185
14525
13201
2352
39257
15311
35704
13402
14281
22185
29496
2466
26168
3539
13316
2319
22054
24475
14902
27050
8089
21548
21681
31899
25213
6529
30721
11422
16693
29416
33036
20348
33602
7292
4019
1516
4486
12173
12243
11714
4548
32275
7628
10298
3921
13434
16649
22627
965
16320
19850
27122
22203
5839
33534
8153
18299
16805
32481
20047
22762
19902
36129
21034
13300
29779
37020
17214
9959
8201
27822
18537
13247
33410
30000
34207
38944
17634
6959
30821
9773
7703
39974
26270
25354
3200
9160
40746
64
25820
6255
28593
21149
14120
25034
37893
25888
23633
19177
27844
5851
25074
40765
35749
24048
15936
28310
42088
5663
31033
24109
35281
25340
4905
10967
25244
24583
2367
10104
8882
15013
31122
5746
36708
14406
23588
4527
7220
16316
40745
14384
35871
41020
8715
13413
16409
22349
7310
6860
19787
3294
3704
11569
3482
17075
38590
2596
21086
24681
26155
41092
11962
22525
2748
20652
25626
1652
30931
28123
14430
19659
10024
9200
39140
24565
9553
24858
3770
27843
16968
12654
6563
20385
4101
4311
4049
16517
41235
36006
4690
40785
32968
40646
34578
16043
42758
34263
33837
40684
2744
37306
17502
10012
21301
39288
25235
11431
24960
163
2183
20910
14082
21727
10089
39081
26543
18616
16062
16576
20382
8739
11913
12334
41792
8822
41971
8612
7388
20549
4159
19097
4412
34767
17032
41636
28768
4857
10647
37791
19622
20769
17739
21004
29786
7968
526
8520
2171
29205
12870
13680
39644
8345
1390
2705
17976
1912
347
14150
12136
2551
17392
15068
32845
21855
26695
13588
42329
7276
26346
18929
37261
39648
972
9442
6937
7293
16205
717
13855
18741
13828
2895
35155
8076
8129
10831
25010
26993
38756
7470
641
34907
26646
2154
34351
14831
1087
6314
15739
23162
20252
12791
17431
10194
9811
2231
12436
7801
38660
24656
19818
4069
22529
6657
28455
6648
6325
30108
35950
2007
21742
13570
17310
17910
18022
14187
5562
23118
8544
2156
7497
18866
24436
30498
11599
35278
12901
10047
6553
14304
8024
7135
17903
9372
3716
34348
14606
39074
26165
3891
15731
39850
12288
2883
29140
2042
19482
32837
17573
36576
23181
3073
12053
22192
10793
5195
8196
12256
35672
18339
8828
11504
34642
37808
21077
8320
10088
24982
4482
22861
41745
23801
2578
9964
14711
16541
25032
41458
4845
8483
19486
28577
34764
8636
38420
40717
15131
10804
4871
24041
28835
21046
23904
27858
14289
11289
246
26708
3856
3974
19859
19158
8913
17198
20915
28950
10828
27470
9918
3262
16474
26570
28753
4256
19872
20897
11491
33025
38755
20597
9205
16905
15325
35246
20810
34705
42655
11694
18148
24755
16039
18023
30023
5187
1287
9625
6298
29914
25607
8056
16721
17435
35812
25606
10603
25301
15281
8959
1365
35389
5760
23826
36414
7694
20050
39474
41389
28113
10596
18302
37536
26145
24808
15064
23124
12264
30647
37524
25382
22517
26820
18908
17380
6473
34794
22506
4397
3503
42553
30206
4199
12724
23132
10656
16480
12219
30634
10925
38433
12897
2311
23573
20166
2988
41330
20986
15502
442
24323
1392
31101
28164
34835
29963
25370
1201
34236
30720
7748
8582
25777
13294
23323
24455
22882
8897
37833
2651
3464
20844
20018
40126
24362
28578
25496
21027
28500
7687
16779
10843
12811
27222
36313
2875
8485
32648
19347
9277
22587
21868
29575
16372
1527
34807
35742
16486
12778
16204
23464
23435
40394
25704
5219
25491
4748
38542
34264
1558
12855
6752
38012
15713
21069
6857
26794
39326
9293
18998
23812
18850
28425
32906
33413
19458
6186
42696
36554
35885
31073
21374
2019
4827
11829
40110
28647
23084
23666
33914
17
36461
10407
6348
38749
15612
31366
1766
5611
17245
24295
1888
42682
1179
7106
23670
17506
755
29283
11573
7124
4094
7816
20940
9616
8482
21682
21687
22358
25181
40801
13781
2848
41541
5428
36371
29888
20729
9722
9011
29167
625
38271
14428
25823
26371
8125
17359
1887
34871
18962
14608
2864
8434
3813
7549
21780
14069
24471
37091
42814
5728
10542
4279
18588
14364
1817
3439
6189
21145
6253
41285
39773
22504
39238
7583
33130
19686
34353
5272
25910
3122
15904
8890
3023
17928
8532
19846
19903
13132
3376
9501
25678
40098
22872
39992
24554
37548
18035
26101
13148
31167
8991
17943
24117
738
26811
27326
12712
20787
24486
1150
34401
18020
13858
37390
28488
27259
14400
18809
13695
16788
37447
15644
23411
7362
8427
17778
6920
25479
36297
36071
21620
3289
3882
19854
33632
22804
34951
2720
13783
31349
6055
41051
1974
13098
5163
19321
12151
11521
10153
28557
26273
4846
10709
35355
39701
5023
4526
29603
501
1080
27029
12799
10535
9888
12834
24190
27236
32755
15879
11216
12086
43020
17693
36697
7637
15360
30260
37384
9436
34649
2876
5628
15252
32983
9789
3453
21964
35773
10922
10292
16885
25581
6286
19702
40321
15848
25950
41350
17533
24851
22673
17714
8084
2665
11116
32982
29869
15601
24827
809
30707
17498
28767
14987
20118
37981
6826
8557
20760
19722
10810
31987
14959
7088
24579
2562
26920
32575
24712
19472
8658
23091
23388
3768
17507
37776
19685
7170
9843
8912
25709
6761
18425
24478
19193
10037
14408
31472
979
16529
10172
13047
17870
28012
25663
26071
11590
42124
12166
16830
25472
20182
27043
5253
9982
2346
16645
12912
22489
24175
31253
20737
42414
39181
20473
35467
17074
8508
37220
15028
2799
25818
14101
221
36224
11765
9617
23891
35957
10466
10481
1214
32169
9020
3808
14554
23241
28270
17289
6442
26048
24662
6396
17031
2710
28340
11547
5614
40869
23299
34413
23977
15152
10208
39099
30474
2464
38040
3545
28843
5095
4008
28696
10421
18403
6562
11960
16694
22793
9452
15766
34889
3809
42702
10311
34536
16151
17246
16954
7626
17220
1618
16192
17686
1863
2809
9415
35960
16663
23422
27400
10516
10209
1471
19551
20934
7072
10076
12146
4955
3614
6829
27995
38222
7465
22480
3803
10949
26527
17455
296
36215
1370
28942
444
10540
41915
31119
21080
19794
37701
34429
9504
37798
9477
2696
33600
12032
5269
14076
2201
3082
1484
9113
32128
23713
5993
23662
3326
19594
26215
30529
24358
3172
30015
14146
31793
39159
2964
8169
17234
9533
26505
19735
33718
20106
14153
24142
25567
21677
21631
15078
25385
7714
26747
31435
821
1196
33393
25603
3490
24406
13385
18043
25393
33418
16100
21104
14590
36141
19965
9680
1332
17709
36016
15751
13573
3266
35875
13446
40268
22533
683
10674
9289
20131
13430
7822
35027
31684
5398
7002
4428
36552
2265
16224
11688
30422
38685
40479
29765
22747
27829
36779
7603
39592
4128
7723
10036
27135
24866
8538
23444
26830
41496
4959
2985
8406
7469
17789
14077
11297
3391
33303
3870
9021
5374
21845
1244
26401
3149
12993
24720
26634
13071
8272
4514
6202
12209
5782
3910
2287
25171
16459
22434
13615
35116
6103
5250
12471
8358
39427
9556
25640
8826
38501
25943
13849
5645
26411
21205
19095
27076
6970
9752
21563
17990
16520
27752
166
13426
30443
28157
17257
12521
40051
41064
32612
38058
3315
12229
20236
25130
21522
14000
42842
1161
32703
31565
24822
20600
26333
22729
7788
20466
16879
7394
7958
28962
11884
9158
6462
10191
6954
22252
5041
27042
16076
6754
16687
29335
30644
35725
13172
27543
17777
2067
13978
40280
26144
4536
12890
36329
15170
16543
7582
18463
14354
4929
24143
24020
6144
7865
32796
11634
4755
14475
8903
20521
28163
4558
12742
16314
29846
13540
38581
11058
10355
19445
38246
2857
20483
40616
35748
16746
24294
19405
20618
8527
9514
34833
15161
8512
11010
15824
3814
36304
6518
19293
22232
37618
8073
5008
19297
13041
19311
31538
25049
37014
1597
33264
30751
29547
12763
5115
3156
1905
19523
6696
10639
39416
5989
17830
33524
30844
3893
19843
13500
12717
7005
7598
20320
5217
1997
22811
29194
9792
39683
5092
15117
14899
11174
6964
12096
31755
16750
30705
18897
23909
34836
1133
19942
8950
15465
5601
4874
12540
19558
5141
12603
9854
23932
3933
29876
20077
16615
611
8619
3984
19246
34442
14904
7264
9328
40225
15825
1891
3733
23123
10433
20370
18563
6187
28721
456
35044
2166
16236
10982
38901
17465
40474
20855
8999
34589
40409
24723
34450
5594
4889
4249
243
12756
10750
4988
35169
8773
6852
10537
10261
18530
25692
26312
34878
13986
3075
2094
34435
24316
23408
22241
24080
14980
25622
40981
6200
3629
30999
21199
24659
29021
11940
26855
541
32154
10825
17263
12991
27014
33999
9344
19505
9376
22472
3261
12332
3013
35064
17256
28603
19569
18389
21535
21470
18984
9299
7047
527
27006
5174
7535
11165
28085
26556
37210
25465
9670
9943
18222
19237
36318
38149
33872
23002
8503
27951
1557
10034
28625
4441
6403
10607
42868
21520
13533
1725
13581
11471
10719
13883
5447
29556
13623
32105
24164
17509
8091
21815
20698
1592
4879
36480
14658
1791
5191
3741
38016
12187
6674
29605
8241
24141
11766
23172
42380
11743
15974
1513
10515
7785
16943
1846
14739
25983
20513
24394
18358
14952
9891
20511
22187
39419
8875
25126
29165
25172
13119
13125
11890
3728
24021
22879
8784
9981
40752
34696
1634
38848
2983
2691
16875
14017
9249
1281
25198
12223
34029
14486
13067
21615
25548
9808
4506
30966
21496
33200
11247
12554
1464
17461
34579
1508
954
40750
19556
42617
22974
13917
3253
15518
19247
10698
4463
16579
9948
11742
13379
29490
10002
28308
3484
18683
20469
1036
15259
40215
26415
21429
30604
4705
35428
10767
19595
42820
13454
28773
31446
9684
300
6555
13193
10183
10016
4844
1735
27483
29551
17657
7369
7623
31819
11290
23631
16692
100
26963
27368
7
16624
38334
33976
40131
12723
39431
762
42018
9302
25611
29543
603
25192
4105
26881
9518
17674
5586
18462
41567
13577
1729
13227
20307
5632
6072
22761
7901
3329
3911
28342
9996
5291
33494
6097
15303
9077
35135
37134
19249
23250
1367
13425
14988
5757
478
35639
3295
1518
15103
30097
4829
4895
6488
17173
5820
11586
32215
23856
22657
10163
9795
17496
5098
651
20903
22060
33943
13195
26893
1708
9187
23813
8907
9327
975
5651
19511
10878
8332
22391
17329
33412
16197
11907
26424
8863
11651
27269
8562
22137
27136
29647
7979
3441
10478
4715
10004
12560
14135
1218
10284
16051
23910
3663
5090
9626
37754
4830
21467
14744
11215
9876
42479
5759
14900
20977
27180
20702
40956
35826
10691
33865
23962
19260
10827
38701
27921
4099
2621
21334
19997
36882
6837
1839
11647
26982
665
5504
8262
10959
10179
19477
27045
11801
37800
9767
8388
4259
13913
18713
31917
35410
38101
4262
19565
6374
36357
6177
11630
30233
5424
2155
16765
3010
31383
40168
385
38934
39986
29349
693
8642
25023
33869
2251
5120
39630
21060
5125
21668
15716
24926
20204
13179
6950
24296
7423
861
1777
22792
5789
10805
6228
36214
28305
25304
492
31075
20868
2807
10404
1726
24638
8277
39901
23409
14152
15461
3099
695
41674
14767
5451
22528
7355
35070
14405
15792
38763
6234
34723
14968
6767
15661
27892
16121
24615
37892
27723
12290
39104
21322
540
3448
21428
22515
24077
14510
1721
32623
27457
22635
16333
5650
7282
10625
9923
17687
25979
18843
37787
12414
2904
11451
36018
27985
32277
34522
12200
8707
30640
22520
31795
25201
9609
33419
7049
5137
42386
7254
41194
41842
1326
12733
26806
3797
15919
4533
10287
41382
5541
25234
36306
29550
9316
12417
41847
7492
13859
10305
24047
12390
23416
7867
17540
8082
26707
41590
26063
30267
18102
21629
15776
3362
17859
32143
25253
32638
39359
7639
20996
23625
20840
35247
3127
11162
15282
10454
11488
38354
7252
3889
1640
1445
26353
10749
2095
19149
2415
26632
15715
42583
34718
8005
25350
20351
26045
14634
33852
8615
17447
30135
4899
41853
14633
16902
1323
13240
19604
30184
35489
31742
12296
9782
29289
8686
11771
42529
9848
2431
1924
20402
15836
12453
5017
12831
33926
17847
37744
35562
9656
19432
813
21844
33620
28023
23710
32832
7553
21900
12474
7025
35137
13569
8972
15873
40196
2255
3580
36992
8106
42397
8390
18007
5046
34693
11947
42750
4561
14010
40080
11396
8036
9488
14778
4129
7215
13197
5271
28395
20772
32549
21609
34355
15061
6302
17292
26253
19403
8819
17633
18165
14020
14784
35327
14409
26319
6487
2593
14498
13407
8951
31455
40222
12669
14681
32451
38798
33297
8789
22474
1564
29462
5887
13528
12597
8833
14079
19376
9662
32276
4948
20519
29389
26297
42233
12263
7988
10363
41967
12259
28839
10068
23995
16912
32883
26774
7790
5127
4076
37205
15121
33474
18370
7719
13818
39412
28437
10273
18585
15483
5616
2222
21880
17941
29840
9777
41004
39032
9228
27736
12468
32069
9475
32435
9312
6714
5146
12769
31199
21637
31996
14377
19529
3725
4189
17876
22509
14236
26262
14137
506
41654
11929
33182
14229
16872
23720
3833
4372
17070
4694
9392
27906
17477
21115
34805
11685
27846
2487
10422
36883
3483
25876
14884
28313
19610
1186
34576
39767
2965
3531
28956
21634
11107
5360
19710
13259
14649
34725
40010
24933
25359
9677
16034
13321
9331
4557
18488
17793
10775
2606
20614
35100
38262
8337
23415
35268
12163
4977
14224
9638
21843
15543
2888
16211
29971
13418
20554
3358
16174
7036
16656
38858
2038
24758
36572
29855
5935
25262
8463
17974
2045
5984
9725
22270
29628
12509
28285
14394
23332
35286
18851
31086
13112
22588
9143
36175
33329
4389
35505
14678
38025
18802
634
26435
28990
8981
8468
19101
3355
34561
17039
14081
32232
10482
29798
23034
34145
36829
7173
28473
8491
13808
35534
15771
1581
7937
34466
27557
28405
12203
8564
34286
35533
32721
37607
7652
22456
3841
7441
35175
19098
10510
9915
6245
12202
2880
29980
15174
4796
8961
7256
2688
8052
10820
36760
17122
16657
63
18185
25413
29213
40687
1701
9371
9111
21275
1480
9512
22959
7287
35584
14197
11574
6668
10601
2795
1165
13790
16395
15430
14707
7946
30850
7815
26674
2411
33304
4102
22678
34831
15698
39904
37157
40469
10785
41650
15455
9119
18141
27147
38822
13545
680
22778
16468
2079
16171
18577
12598
7323
3100
16704
18753
22698
21123
1854
22544
309
36007
12693
26647
29409
2614
25885
32727
41975
4501
9353
8660
16990
28729
24826
13080
11506
7404
40977
8163
25324
9263
21829
26241
2675
7395
4878
159
17705
32243
12843
18553
91
34947
30162
92
17339
14529
8560
37468
11163
40312
27347
38223
19518
18135
179
4799
6502
17531
26302
21359
8918
7581
4351
14881
10733
10351
12844
3059
24148
38752
22682
29568
29159
42392
1821
9196
38992
7781
22092
5200
2968
18115
11507
12734
20322
14433
16536
18639
5810
42731
20650
27036
3114
1576
39315
20403
23639
17927
35821
10411
10614
16538
7624
17147
6216
14933
30125
17047
19578
7804
17817
16755
6489
12215
3642
27059
16896
39907
5884
22583
23520
4499
19803
38809
6345
30003
34398
42480
41196
9319
41520
25772
24250
39037
11080
30327
4223
31395
15010
22943
5545
18417
10395
7720
904
23930
9892
1853
34858
35625
7565
14661
6720
36376
35206
1193
23365
38264
36195
6226
7774
42577
19906
33000
10663
29509
5333
2897
26484
14632
27446
33564
42510
23291
12551
41427
6807
3166
40391
18061
11965
596
14273
9194
36363
15808
14965
39952
5678
27486
33743
18158
21569
8762
40506
9944
22293
22011
17986
5388
5431
29415
111
10952
12224
1549
12638
4678
15307
22748
40500
28424
31744
20249
11898
9314
5850
22598
12520
19862
8192
20990
15194
6339
9286
41974
18786
32407
9750
38907
21545
15720
9439
41127
19361
10676
24786
19527
29387
6333
1813
15239
18166
8595
4747
21093
15975
9165
12888
1669
22932
23251
40146
40856
21536
41646
5506
7689
16904
14617
9622
37470
26687
35897
21023
36833
12579
20715
12796
39279
3772
9885
11050
39518
21191
8651
11555
12530
1473
15120
12900
15253
1163
26009
10796
40851
17820
8597
1989
20367
7180
31999
21614
6431
8051
26872
29059
12406
13403
31671
4481
22108
21242
10069
40400
39357
29412
11737
9033
6326
7944
13302
28912
15238
6166
23384
2984
16154
21850
19290
39028
13965
23098
23383
3462
15383
2571
35620
17888
31573
7428
26971
27179
11226
37801
22319
7330
2873
11631
39089
914
36856
17206
1380
5618
17077
31938
18554
10873
15566
10462
9705
7650
25114
21981
33445
35583
4230
7547
15509
26061
2220
4554
15273
26259
8014
10051
16407
17934
7248
12269
32280
12007
32518
15925
12470
32284
9383
34329
7745
22862
21410
19332
41892
11871
25141
3710
1494
9235
3205
8010
9164
34708
26752
35411
14599
12958
11244
3949
9016
28526
2833
22832
9490
11249
7449
40216
21738
9569
5484
42900
9841
5526
2568
9317
38358
41103
10888
25384
12850
7007
39858
15959
40978
40854
17780
8990
30014
6942
13851
2438
38464
289
3210
12389
14290
7268
26771
17582
27662
29464
5042
13640
33387
31988
37579
15874
17792
3904
42945
12116
13061
28587
11131
42456
7165
35056
7040
6872
7383
36438
6900
28845
40806
6008
6822
29022
5925
40327
30840
4368
3690
3925
10856
5177
5975
43024
34924
19711
27324
5171
2289
15896
1017
222
16052
5947
33730
32216
13004
20998
7518
11550
17480
8191
19250
20963
20961
11644
13159
34900
4668
27375
3408
4644
27715
31927
29915
5106
2306
8378
11104
9798
361
9485
41598
12715
1155
32099
1847
268
4144
15647
22581
18702
18343
4947
20371
7117
34917
3726
24347
24496
33076
8436
1391
14771
15829
3230
15866
8617
13984
11594
6005
9166
25054
24947
21865
18520
22289
4356
20428
23245
10414
10271
31643
13105
6601
23262
20081
14670
39126
219
8679
21916
24884
10455
17055
4260
1579
34017
5375
32092
11133
441
11148
20020
39112
40361
18116
7505
8185
6136
14876
512
4382
23718
24921
545
24276
2951
32902
12066
12460
21598
5479
1037
41369
4394
20003
8421
1275
27334
29432
35450
32903
3918
24350
36769
37982
33619
2108
18409
22724
5668
15386
3360
29186
20508
2672
2526
35498
6862
3007
17964
34054
28946
8199
23121
25557
19499
6322
19163
10390
17434
11628
9857
10207
25047
34091
14781
33832
41801
24206
5888
15403
25661
9742
7251
13584
5465
12971
39291
5977
12621
2172
8627
36895
8101
18108
29588
5816
42977
17530
21895
38615
21491
21210
20828
21519
12574
23488
35314
20860
38866
33580
39352
24683
2884
25452
22641
5448
34182
5362
29507
17661
19456
10480
35102
33694
2062
28562
2459
21947
37482
7331
11775
1794
2947
24132
10679
32140
12965
19029
14675
6355
659
2647
4990
22970
4478
3338
38986
28763
35186
14797
703
35079
36251
23768
30973
34700
19995
21003
31357
38302
36255
1704
12983
32896
41001
21196
10559
24035
2780
9421
24653
9667
12941
31257
5525
19217
5639
5706
4137
17615
24710
7194
36804
2479
9068
19892
11493
20434
1055
20850
7275
19213
12097
8743
7041
36402
9259
10851
12403
40842
14344
26859
12388
1832
16524
1553
7550
16349
38952
10234
31032
17396
13612
10681
42821
15571
4851
15860
6789
23141
26685
15221
10989
26408
15754
13152
22788
9086
14386
12095
40166
25562
32870
5457
14607
6045
26914
21031
4214
7649
31039
40174
29431
1358
20433
8086
27078
8187
8927
22098
14542
3714
15322
30420
31530
41268
6931
1520
2232
10166
11818
518
9276
5255
7803
13774
12720
15663
12083
37140
8156
2600
16031
32954
7301
21482
23548
9689
31343
19194
33771
18392
13384
3317
5911
4459
20116
37144
13932
23007
25580
15506
22386
1153
15750
8174
3849
10393
21819
16053
16143
18840
41385
3900
5829
9629
25143
13024
3784
8974
41119
39537
16267
41421
38224
17274
10359
41605
7414
26384
28681
714
6350
26117
10058
9509
4455
30719
36881
1213
10049
25857
27757
22040
37042
19241
775
5000
2066
12292
2620
13293
19181
7236
31717
24566
39447
5961
24739
388
16860
40612
22400
3241
31095
2301
11337
13962
7051
14818
23432
8237
39038
9114
24728
17372
17387
34701
25802
13519
14820
33293
15308
6341
10882
4135
1855
3212
3336
21293
26930
6120
15804
4989
9275
22497
12666
7132
28670
23735
29896
13469
34238
37393
15448
3092
15865
10680
8832
2303
8952
7682
21447
2409
19808
2331
32239
17940
13793
35643
24189
19974
34650
7154
5020
1572
8034
10979
7129
16379
18170
23048
39894
33679
16241
10757
27373
10419
2023
15211
575
21575
15192
4336
37921
25122
22958
35623
2577
3769
31895
11708
4390
6140
1240
27587
6257
3422
12585
40640
17697
18667
6386
7227
3777
40155
37082
29645
3433
19316
5981
6549
6730
3887
11712
41257
35167
1857
29632
31745
2131
1313
23942
8896
12320
12301
21551
12610
12631
10532
4180
4710
8801
25401
17804
18899
12637
3747
34645
5184
34218
14787
21445
33270
26957
33459
8850
18273
3816
31443
39857
5649
4954
26204
24561
15446
10919
41876
339
30161
9345
15172
19985
25356
16284
11821
24300
4728
14459
23028
36662
24958
3417
2783
3709
16108
6175
16090
4060
27110
17795
35296
20665
38322
2823
41016
1552
42009
30898
16695
3953
34632
39939
19955
11808
9665
12708
32777
40292
26199
5648
2116
2560
18551
30487
2630
17769
34770
9207
18601
1649
18256
41939
24821
215
10394
14387
4388
17390
34938
20237
19813
32918
19825
12683
5563
5516
24466
14107
16196
32997
25389
28380
2830
31806
4930
13997
14233
41059
12105
8899
29715
34157
7572
767
30752
14920
32
18255
4597
6621
19367
6088
26846
5572
39171
20231
2294
3322
11802
28720
24198
25672
24053
245
3202
8661
8545
32914
5968
4169
25827
30829
12539
23617
34566
19355
16659
6649
24106
8846
16000
20125
9955
11448
35083
39639
21751
5050
39275
9727
35975
24038
26508
16595
1027
479
5802
20770
7115
27857
6893
4902
7718
26160
18012
10784
7439
5549
5218
28797
27331
25051
4357
17718
26599
350
23264
23840
15795
31164
26983
17161
11961
27268
4685
5151
11763
5891
8823
11329
26121
14056
12117
18624
1329
2149
26947
8325
19769
11882
26474
11187
3530
8340
6517
18316
12176
13798
23992
9965
2328
28471
34993
38699
1423
29531
27001
3454
33032
7059
14332
2576
21390
42837
24621
2490
10377
4158
32285
42189
18031
17175
13924
19159
13207
41782
22619
22395
35364
41571
35888
19022
1517
12245
15090
17444
11379
1467
15773
20520
3661
3282
237
6128
4050
474
3698
18208
6404
22114
598
25575
36633
3225
11868
23529
34698
38569
34570
34458
11016
9994
36516
10392
7216
18617
17061
23278
14351
3256
18338
15301
11235
33476
19061
9433
28202
16325
12935
2256
26999
9291
11363
4822
20686
19103
16246
15702
17664
7659
39016
33873
14474
30820
20292
12707
22168
33567
17379
17330
4079
1029
4942
26907
8969
4203
1144
3310
16141
19373
2603
9355
14975
10222
337
15987
5004
5603
28278
31562
36212
10934
2105
17086
40023
41691
9805
14424
7328
4520
12892
10524
8586
20522
38381
10539
29119
23075
15265
25633
12123
18018
4707
34492
28116
11489
36952
29420
27959
39888
17356
8270
33378
24647
6586
3165
13801
24899
9573
9849
23331
32702
35805
39460
17981
24487
12249
18634
4290
18342
12371
12627
42633
41937
2136
5602
14133
17864
36334
24366
16096
23539
28783
27693
3948
17932
7892
16607
19853
15074
7963
14371
2481
505
13535
1869
30737
17244
8891
28481
33742
36752
2089
24715
1673
22646
14168
3649
4535
7149
36975
3286
11603
38431
5014
12382
28084
21602
11697
34440
12872
22145
6155
18051
19369
6011
14285
2721
12714
2014
7339
42646
11762
25375
30406
12307
33968
1848
4565
28560
6778
15676
23781
24287
7436
10889
3136
8553
7921
17528
32272
5234
29314
6787
20214
40493
18041
1345
12446
19459
20395
308
12817
715
17155
4773
5870
22923
39050
9377
4945
18084
11813
8263
11134
33617
1426
8692
513
5109
25095
1899
13416
20464
10688
19453
34377
12193
28491
573
40036
19524
4248
3214
12413
33700
14994
13957
13770
484
9764
19768
11909
12854
16483
8195
19345
6016
31720
40677
21921
8422
932
23737
6025
16411
39700
23861
15993
15464
7445
3543
11904
1825
7368
14144
1900
10915
20079
24649
9703
20830
40930
8779
3873
28246
19011
17018
30831
14156
17901
11005
34233
21211
21241
11567
18974
9928
27061
6132
2962
37071
38129
42734
34716
11935
35551
23003
7289
2077
19827
648
26699
25951
27525
3250
4067
18730
7821
21904
1582
18756
24113
23676
328
40390
35665
15681
24184
21217
35561
7385
24713
11351
14791
6384
18458
37961
1190
9246
14569
516
8945
40135
8608
14108
9367
7098
41643
32027
8685
2967
414
13372
14585
9342
34469
13298
13636
10196
40053
4396
35566
10786
33056
35033
35935
18637
17426
17819
11333
29238
2013
2159
32246
36705
13290
7715
26924
16716
4976
18133
7307
15249
11968
37916
4805
42468
18399
11845
7291
27155
67
9768
7857
6854
31058
2221
23257
37785
24463
25070
12057
1135
1977
5241
11768
2271
7578
33457
277
26280
19088
22247
17313
8413
7409
1091
2181
7464
7201
35014
14123
9728
19559
10526
32728
15138
38409
13433
27998
7199
15830
4997
14639
27298
34530
11018
21473
4901
10646
3333
27652
9140
18077
16763
4111
25474
8400
4993
7011
15755
30049
21120
29080
579
14382
6699
23377
14128
11054
18123
32401
41542
17368
13288
2422
13066
17790
12644
22069
23301
6558
12639
4841
447
42522
6825
20908
12738
32183
34851
35174
23302
13981
20816
3153
2756
28179
34552
40125
22387
11896
39334
38855
10985
17852
5979
9241
28103
26376
2757
30295
294
7544
7952
7982
27923
13438
1823
11888
8704
10011
42690
11359
9002
4616
4393
12220
16356
21408
2623
12952
620
14325
3625
21472
24293
11245
15768
23642
34654
8387
3304
32226
33313
21277
18933
34899
38915
3798
36013
207
37869
34048
20112
1896
23158
3847
27346
17057
26283
15991
10090
2106
21351
28532
7515
27046
14668
16675
9872
24201
10084
801
13299
449
11438
8
23973
22081
3988
1903
7886
10220
429
9354
6246
14903
34015
32830
3470
7346
2531
24876
31691
4179
16771
22667
7688
8414
32397
32312
6238
27297
17384
4263
15855
9487
17567
33916
4001
4453
5740
14340
29745
7138
4043
9022
20919
8366
26195
22036
8616
7607
6047
9257
6681
2565
795
23297
32847
15927
16760
19326
15760
315
39736
1229
23064
30497
54
6331
1072
33575
36798
22347
11914
10158
26180
462
23873
26692
16378
35118
11273
18498
41272
33
681
32514
34653
20494
14328
33831
25504
39728
10396
11681
40950
6985
348
13715
20585
18025
22357
29723
2098
28126
16987
27302
8942
269
39468
21579
12185
12133
19509
35189
10259
4267
5704
11811
38523
1637
33646
7479
805
8335
28158
22763
2535
8289
16242
31222
22738
4640
11421
182
35354
31699
654
19375
7076
8665
24582
37748
203
7692
32681
18103
14251
5168
10360
10708
1562
13196
34402
28938
11117
5788
3201
8525
2859
9855
9615
10015
26205
9975
6513
535
14319
20040
7313
21132
3035
18643
15922
11779
11529
35979
37016
17229
11390
19816
24239
32818
22799
15853
2586
10490
13884
10097
17854
26440
24219
30489
28822
38793
31985
4421
3749
22884
22253
14049
3423
13151
4939
9368
9511
892
10386
3043
5112
1070
10159
13297
27803
4349
2209
2006
28805
8356
32920
8146
41387
20046
9393
2138
6104
19263
11143
21779
3576
24744
7298
5006
29822
8880
12673
2234
3969
19897
29812
33701
2290
24004
3038
38228
12512
2398
14247
4058
5039
38963
19233
16835
40096
31655
20685
6232
33394
1733
36405
25443
16432
15229
6623
7890
9110
11203
4996
21389
10703
30804
6608
6698
23587
1683
18260
3692
2724
17815
6121
35346
16808
31579
3721
6506
41336
4362
4255
8752
32868
2836
22541
30835
29702
24781
18372
2068
35833
10057
8445
11764
17204
17259
39703
2472
33939
41890
14979
24575
1331
13364
13706
13752
40732
23156
11331
23285
2738
15063
2308
16013
28655
14087
13369
6635
17136
11739
20472
19304
718
3655
14893
9003
18112
35089
10799
8809
27129
4268
1354
11809
15139
41248
15516
10285
10217
19971
26631
23016
4114
32687
5481
37987
23596
6080
12510
25169
20768
25362
23961
8433
41835
8336
7814
8013
13089
326
25377
23290
22946
24259
20644
4808
27252
2118
6424
25565
16339
38243
19152
3599
12207
29920
989
5826
11887
1681
7577
4896
16394
5122
39798
12567
4934
1172
35055
30427
11976
8170
20854
22997
5567
31224
41765
42094
30494
2955
12106
41462
5212
11785
8513
10256
16110
6412
23599
2194
18154
7429
4774
31123
4216
2814
556
10059
42027
5353
28523
17487
4880
36879
8817
12355
29803
16317
4973
30935
6351
28159
3765
21032
12684
8380
15460
8926
8581
3776
10930
16198
3559
15674
31059
17786
34906
36146
7601
6316
27555
6774
7021
40838
20945
42435
10997
3527
20611
15850
9762
9322
7753
6071
5022
33957
24528
6610
7435
433
4856
24147
3047
6466
41539
4639
17248
20921
5598
11490
26460
33958
25378
752
8713
19694
3260
10137
41254
5048
2729
4944
24367
26038
18320
33660
13356
24811
980
22928
32853
33822
17336
14363
22606
13393
3586
12340
24675
19930
13072
14984
15250
15398
36597
463
28136
7197
2257
41640
19614
24602
6891
6158
31220
12591
7125
11097
28288
18079
12997
16505
4795
16009
4582
3276
14729
20233
5824
36555
20925
36154
19639
18457
6640
6420
12561
13990
8462
4737
14858
22486
14958
18622
16261
25747
34108
11548
26700
18531
18449
21784
40510
29809
24234
24512
515
17982
6251
12107
12926
38935
24962
12442
5371
7413
42029
18294
11933
7508
25241
10064
2745
16240
5485
20122
1288
39176
30982
35266
33473
11374
21345
33132
21239
5615
19705
1050
26377
8923
29930
20852
11061
15453
16207
11949
9721
11223
5885
5198
40186
5646
34745
15817
23100
13475
11309
6063
34016
11096
42032
9230
3430
5946
6343
22632
39621
11481
4953
5422
24260
3042
3365
19828
2544
5784
10728
30043
8398
39669
6041
6574
27569
7709
728
14353
391
3485
26560
15241
6051
19323
4492
16220
38337
6039
28922
9046
25444
11475
18130
37755
12270
34620
5315
1237
6570
16237
16854
9309
18681
15842
4204
9766
7309
9627
7907
2143
4793
8742
18132
42737
6757
27452
12634
36568
39347
15746
31545
29450
3615
14039
16243
1922
3420
40858
1314
15781
15164
10364
22688
18113
317
15215
10612
40214
40061
676
3754
25538
6935
1284
2861
28776
24925
3943
12580
16067
29024
20741
15570
26404
13383
19354
7108
31250
4041
1382
816
536
21291
35989
864
7985
39581
37272
99
41111
3004
19420
31549
8154
17702
5957
17597
6081
7783
12498
3081
20664
16247
32187
24914
5144
486
1203
21861
11355
32719
42347
3312
1537
28396
6848
7991
9643
7324
1308
35662
36442
30792
6375
14567
19877
18423
17011
35483
8497
21139
28657
18795
3508
11085
3885
17968
14407
2737
21610
24324
11826
13025
1995
36925
24470
39519
34423
14046
15728
12250
25721
4522
11528
16593
16616
31215
1146
30325
4253
8044
1958
8395
28565
22288
6385
12739
2954
28723
6877
20871
2197
16677
3767
6320
25456
15173
11633
1859
20983
35289
18072
22526
16221
5099
26608
6400
14652
3524
17635
1192
7839
37269
22116
10917
29815
18517
39399
5538
17432
10450
31914
41859
35136
2195
3123
1468
23237
21153
14068
3096
17537
1567
34
37957
14009
3086
27451
19692
10308
15494
39845
42709
6622
3994
11552
21251
24081
6613
16042
34406
2925
14759
8119
42297
14684
31497
7294
39957
5901
13489
38165
13161
39692
9434
19969
469
38937
4888
39841
6137
16600
20540
4711
4860
5418
282
27916
19455
42354
33267
3901
3367
37706
11178
2494
21797
1545
352
34161
15321
14085
39733
3016
10200
36367
15217
7558
38214
5849
33543
10690
8399
39755
224
28300
35656
12039
27343
1067
6842
9287
21047
20267
27915
30120
2753
3852
15727
30704
4645
10832
96
36020
409
14263
9765
19437
2743
371
36511
11761
34738
10412
338
233
33721
34018
7752
35256
20124
17183
3869
7186
10927
6892
3410
37568
5805
11456
11476
127
1752
1373
7434
35619
20559
22180
13878
38899
27391
18732
10528
10505
2843
7202
9315
23480
4013
18504
7003
12124
18853
38614
5242
10895
19271
10210
15990
15546
29875
1166
5031
32336
19724
9706
21978
476
9930
16189
42704
5176
2387
8727
12162
20510
27618
41093
13205
6482
2778
10233
8643
22687
8046
13226
6062
4233
7486
12410
12934
6697
9614
1002
25898
28146
2424
10180
28044
41152
13213
27054
14982
32184
31041
24000
41438
948
6559
5754
6029
33133
6647
32916
3126
11803
2501
3379
14545
6815
5982
20798
16736
27729
41080
17989
7838
17083
10725
21223
35569
6644
7562
31479
7589
5351
26027
24171
9121
5302
3101
859
19307
10981
8085
4675
10202
32972
34894
14748
10178
18235
6561
8396
27444
2049
1405
2088
21089
7519
32028
1409
5948
38348
21656
14458
26321
15796
5500
27161
7379
8682
14677
4815
10157
7032
41318
8728
26120
2076
7415
40641
12358
6999
5142
18368
24291
9352
7773
23101
9306
946
23218
10167
24062
7152
33260
5138
25893
27733
1720
32640
28837
21030
9611
13889
6618
32079
22367
41123
11544
4449
16527
35978
33292
7590
14894
34508
1605
8431
2529
17166
4791
15442
6632
11675
19743
21337
27182
26688
13713
8764
26601
35376
16668
9441
3459
22228
2360
10223
11718
14103
1289
22459
40279
3143
26214
24534
40605
42036
15996
17112
25927
11225
7879
5305
32449
28904
7739
19030
8130
30302
2824
38184
35284
19433
22649
8367
25188
29685
26338
18487
3263
29891
11618
31656
21179
8028
6083
19162
4032
22839
29922
2592
2853
33866
3876
33940
13460
7622
17185
25953
12545
37113
8645
12160
14543
6738
42334
35544
9800
195
19652
37593
13562
39055
22969
888
4696
10371
8035
20620
2355
2161
25585
10250
4003
1228
3371
10558
10426
21495
3762
25799
6160
38216
14047
22111
17931
17121
3669
4770
34614
4872
13778
40348
12119
12353
9095
13077
27834
15230
23407
10896
41663
6212
13873
2240
4227
1524
21915
25520
18834
16019
26639
6684
9836
21914
19638
26552
2944
17682
4212
14603
13050
37207
11353
5592
11911
16286
23355
11140
15504
19253
13058
13773
12284
4316
33259
1867
7962
4107
2455
25686
10763
17684
16798
2432
24849
20309
40417
17583
11357
25794
17008
26374
5486
9147
23858
8954
17073
37525
18282
26080
25577
9117
14310
34056
13359
34582
27580
5787
7856
1206
16709
18934
30708
9860
8134
11609
5972
1183
706
25712
1580
11964
2674
1884
33659
6820
14638
2211
33503
1643
12671
6441
19618
4941
25635
7536
4719
10852
28055
24679
17129
498
7022
34457
36783
8656
9653
13408
2001
8474
30795
1013
12465
42492
3320
42880
9153
2350
11302
24088
34686
18632
7506
15362
15605
11553
23362
18524
31737
34952
1738
22519
13964
2899
22896
6118
12282
4075
12961
13291
6206
5848
17142
17735
32931
11723
20286
41214
17926
21466
15046
20674
7274
4387
5327
12659
19377
24943
22451
6841
34146
1525
34158
26413
2080
36878
2293
16662
17733
2563
30383
9370
5701
26689
6897
13443
22144
37590
7321
33072
30450
20580
7592
3867
15843
1406
6667
7696
12418
14945
12291
9788
24183
15895
39231
4817
770
24072
36906
39445
22972
19920
41042
13527
22407
13233
4784
30666
39970
19564
28619
13829
7731
5489
32844
5973
38947
9839
5088
3272
2891
25127
2579
3074
6712
1226
11879
23137
26107
17784
13096
6971
944
26869
9058
226
3026
4966
7573
26746
709
6086
7241
27353
33792
24968
862
10403
12713
26637
15374
32797
8721
9406
25652
29979
9990
3914
7646
37959
14855
16930
9663
11299
20608
7823
31176
5709
5852
1260
13776
2664
36503
41807
25546
19389
6440
28208
15520
8360
6833
9116
9142
6979
8712
794
21494
1483
19268
9019
3713
11004
39981
6074
11782
2078
41793
7540
26798
32383
8490
39108
6043
23057
20712
20036
9167
5185
7636
13777
8022
32653
6380
23014
7462
22940
39603
27901
40392
22499
26933
16634
1441
20383
12001
11895
20523
18988
36102
18895
41921
18207
38289
6828
1519
11455
18218
22487
3913
18544
4002
138
38315
9776
11373
3523
17865
5161
12254
11827
2458
30089
192
31816
21739
523
26013
75
20027
1169
25180
9141
17499
8806
24099
23322
29246
4341
10460
2940
18613
22950
7574
8210
18653
22488
4575
7297
26461
18543
34557
41749
21289
6806
23562
1951
1792
26486
2051
16014
37508
674
18727
31121
15298
9000
20359
17097
12405
19180
28632
4925
7322
9239
6729
11365
439
30527
12852
15421
11168
7987
29020
5480
2112
32231
25077
4142
28091
35763
34905
27837
10350
1901
12411
11132
32905
2400
11251
3624
24129
6020
10659
19274
4038
20156
15112
4567
7459
20577
11498
6584
12015
23885
185
4764
7228
1689
9310
2158
16458
40855
1097
20198
34053
2344
12262
21324
28561
11155
2582
4734
9780
40350
33658
25830
20914
15242
11265
16162
16877
11388
18349
17816
4512
8173
8963
2200
9785
7849
37265
5001
8758
33871
5752
35397
8038
11043
39230
31850
1826
32245
5149
26551
6809
38857
3792
25073
16936
4862
16144
12841
24200
26037
19381
4613
34914
18673
18791
15035
11944
23244
857
12069
36374
21183
13991
13983
25336
19999
1381
21129
4538
8915
4274
12736
23352
41551
27265
8109
36219
2381
41738
9210
6861
12161
5786
4112
9924
6346
36434
379
25555
32573
2315
11928
5128
5181
4662
20222
20205
19054
5220
33129
19461
35852
13539
30223
29861
6303
9403
952
4098
38198
28564
1913
41447
14212
3746
8953
24330
19334
5417
12003
39365
2170
3297
4307
4476
30928
5401
21801
7259
5441
5727
11345
6305
12484
12082
17377
6044
5864
2012
39584
7836
25935
4210
11102
28545
1584
20601
9558
41499
12995
33650
21182
34802
13517
8112
28671
14308
12432
23758
32166
10017
30452
646
2966
27691
14055
2235
2430
1830
1611
8509
30208
2939
14008
29495
14635
7198
6010
12218
17208
32771
14423
37382
5445
7893
31657
15683
9542
2972
3131
41177
36411
34769
3650
32144
9282
28115
5715
2537
21506
7052
16173
22186
14524
13561
6883
7858
20946
41067
33901
966
41569
18206
41218
9380
42695
2160
18944
22601
33776
14953
18901
6853
19732
13311
37419
1500
30016
39594
31974
34921
2368
3188
35000
13663
26303
29701
35237
13743
9589
13893
4287
19970
38303
24552
9704
1870
18416
24136
8829
41771
13221
21096
11349
2268
32730
22713
39945
5553
4149
148
8343
1272
3372
1942
14506
13547
1291
4197
17648
31989
16561
29593
19492
29367
10169
6528
24504
5720
1670
9465
14417
3516
19225
12092
4951
15427
9288
3558
9740
29146
10215
22355
749
17912
28682
29315
10129
15655
18896
12295
16146
4323
181
12884
38596
14574
3109
5439
40170
1554
8238
893
20662
12366
11508
8351
1152
6858
11110
23469
12826
14186
17690
8908
11627
24319
6156
12014
209
16256
10624
4769
29448
4778
20215
24887
27726
35644
4943
5013
11990
17957
14596
8242
16815
11559
18836
2821
33146
35018
12059
34330
530
17632
36204
4700
4606
464
6532
3366
7061
15212
8249
5876
31178
6479
21388
6722
36546
2383
5342
12276
13534
12771
14234
25962
2445
6982
34078
24606
40575
6735
23026
15402
13022
33300
15302
19690
34468
19448
3124
7277
1064
9497
13866
14913
13412
11972
172
13716
2796
10472
17452
4338
2122
11854
14794
6579
12212
5051
26810
38011
6176
8166
6195
34670
17255
8572
4431
33424
2958
34124
13496
23691
22766
24784
39799
4427
40577
13797
9603
12302
23845
33294
8892
9473
39789
6830
13180
20397
16199
3839
21290
3745
5409
13664
1250
34162
12467
8987
6427
28646
14453
1016
825
17474
11502
31705
1339
8456
37409
42756
30446
11757
1861
19434
5772
30358
872
18881
3585
2002
12416
11533
15424
9905
28341
7342
792
34019
10473
2408
6470
23869
16889
7391
30679
2190
5307
23551
5929
27622
9502
14418
3259
10333
10507
22575
826
11006
2058
2701
8475
18961
21486
9682
2667
38889
41736
1565
10301
21335
5430
14303
9253
35972
10441
2671
32754
11435
969
35387
20365
22708
19715
16490
17162
22099
10424
24718
38892
13972
3000
37130
20879
15994
9960
4923
800
15747
10030
3907
22620
1411
8724
21369
6569
739
8501
39168
34888
7883
12065
39473
30202
21734
16287
10947
35420
21370
25591
11434
15151
10572
1413
10100
8589
18468
12728
9337
14731
8232
28350
8253
18996
35733
298
18868
11387
25221
6762
5497
8439
31732
11984
4444
5323
6679
6019
21135
33868
12774
11033
8550
5524
14480
16352
19470
23965
8526
15759
10336
8451
25182
17043
793
22475
5295
23905
21259
16573
25429
1234
39593
3341
22863
36458
5520
263
7100
36669
15945
1575
12035
28364
25974
33588
2349
12277
18855
7990
12348
25891
37083
1282
9398
11730
1118
13518
26028
8835
36435
23046
4238
38297
1842
22540
6770
33522
6816
7934
40787
21731
17755
254
10115
27378
15400
2725
24290
10304
8363
16979
29841
4429
35427
16341
10303
9674
24788
25931
115
32333
16257
9075
4417
39177
8426
2916
247
13070
855
15476
3703
10619
3763
22322
4684
7616
22356
10655
9138
4402
39794
3106
1988
260
4376
342
6290
12196
2173
15089
27515
4532
21300
24262
5879
33057
31332
11268
675
26035
18243
1175
7214
33386
35263
108
10637
14253
6638
2471
21582
38932
38974
6821
2871
39229
8637
5869
5058
22401
1361
25808
36203
24391
3874
10312
17056
16929
7253
31420
41319
3173
3759
1999
39595
4328
12594
5274
12205
28751
7325
28588
7859
29093
2270
9941
5783
9125
35367
394
34341
9998
12440
9588
22971
174
34883
7334
7438
18762
32172
19684
37760
26956
33171
22397
23239
9193
6863
3665
7155
13904
3008
7057
10687
14209
8137
2020
3130
440
11866
31646
1126
10483
6421
39820
1827
1662
36042
9545
20801
12599
41091
10461
15526
3374
6547
18971
5926
19251
14195
9321
25129
29327
5361
3492
12538
29068
10611
3466
10815
17539
16036
11676
5238
4922
24760
38878
10399
1033
15932
4528
19129
32871
25838
40003
15696
13450
26320
27386
36887
1492
12740
2348
12528
29790
28788
3077
13144
22175
10173
4345
1020
28746
3871
15006
36271
3651
6606
6993
10598
26192
3832
107
11057
883
24420
35563
19963
98
343
27908
11815
38083
1432
18124
10941
23115
369
8188
5664
17369
4450
1654
12447
6717
6686
2358
3235
15970
5717
2443
6690
35388
2805
5514
21265
25971
23724
41153
32256
20968
24344
3435
8311
36082
9443
39513
1918
10909
10406
14454
7835
3452
32930
3028
26158
36172
33941
30347
5695
9173
894
32412
11846
15884
1364
10983
16565
8099
34853
14750
11951
10316
24064
2973
6573
37585
23024
12010
4913
20774
40289
31997
32205
22503
16185
8309
960
5596
34485
12189
3307
10560
6201
5827
827
2339
22826
13163
13362
14489
3637
8419
1446
20587
9464
38076
8172
18253
23829
40223
5415
25545
12333
1756
3535
4753
37500
4195
13697
9258
3237
6407
9645
21395
6053
4660
14427
20001
7533
3036
4534
13099
5971
14444
7104
9154
31072
8236
36457
9456
10869
14091
14207
10654
23429
10315
8315
1307
34345
1069
23851
26418
7204
25072
22095
33465
9243
36094
25212
16804
32353
1245
10497
4834
12788
6580
10712
28178
5776
16313
23195
14422
41468
4401
32685
7148
3902
23247
26680
39550
24409
25834
17851
36303
22464
5016
3705
32417
35085
20262
29042
6306
21226
11858
25
65
332
1085
11239
6956
13073
18670
26075
26044
3274
2549
3132
4407
38797
12314
14582
34428
8118
671
14714
1910
37160
34510
1926
11274
12198
529
4802
9666
16764
3521
35530
12710
13892
16998
26882
19525
2911
11282
12331
1403
5166
34959
34291
4246
38731
16253
27935
10737
11310
28806
1114
17585
5350
15167
12886
12303
12499
4693
14719
3932
9231
33005
17959
19781
24238
7054
7758
10972
12837
6819
7845
6467
15240
15724
10632
982
30869
29763
1882
35526
19519
2680
7925
19771
9824
41709
2436
39278
12845
35325
17930
23183
14420
2945
25012
14280
40045
14361
16248
655
6262
2150
26569
11748
26433
3972
3608
12482
12125
16688
14054
6193
10093
8800
15330
9066
14096
7950
9548
1515
10964
32992
17681
20621
13667
3175
17294
4605
956
7895
1996
39735
6500
34044
20217
6602
16853
2539
8720
17063
34961
7156
9181
9245
1723
16047
18771
32122
1646
12632
13127
17843
11173
18231
18252
30589
29854
7965
26203
2005
30949
5341
2217
20995
11135
9907
4789
34152
16040
6908
34748
16989
12589
9476
39951
16601
19051
18636
4972
12328
10887
10309
12084
30127
30517
30212
1128
4875
2003
34666
28654
35328
18200
20400
22609
35105
20546
22463
10474
3675
694
3536
8298
8939
8194
15140
8644
11566
6924
15803
11031
17306
14362
3350
28533
7255
6595
11859
2654
24365
19196
6775
8063
24010
6304
5306
29178
38597
2462
3436
28645
9026
22885
15665
13457
3001
4828
4250
42670
16308
6545
12871
7737
1060
9101
13283
38865
17527
12392
22777
26351
31204
2825
8461
16551
7128
5522
4377
5182
12700
25574
9999
10133
3935
39699
30686
5744
10382
22817
5694
18469
1534
16292
4289
2419
2361
33547
461
41741
1902
5018
6723
5745
27635
6899
41603
30204
34077
6969
1504
40404
10534
858
25513
34854
9961
18205
26325
11817
1965
430
23419
12236
5539
28332
11875
12767
8357
10343
6626
36291
20304
38957
4811
5312
38811
27311
32521
4573
13100
19528
19151
20039
3213
7153
1784
1775
9057
2324
11641
27866
1303
8425
3019
7796
6567
5473
13312
7094
10369
36699
38863
5077
20660
3785
19336
8962
34387
25742
9787
38926
7375
25391
22447
7618
14505
8273
27777
8648
3117
19687
6876
6747
12972
10689
21959
1261
1357
34559
25087
686
24166
27337
8244
1749
21813
33506
28072
7732
2870
23006
4516
26489
8799
18176
9669
9430
4971
14929
34412
8805
8472
15940
20291
30975
8493
5980
27309
39052
27568
4508
5576
5336
27033
5337
39435
20313
34008
14059
26274
24564
13515
9651
7380
15381
14500
8264
629
31916
19133
23653
26554
26265
21627
11967
37729
41491
4237
7401
2890
5498
8339
19878
13223
25216
1695
2842
12583
38140
27354
9189
267
23528
3868
9271
15143
7320
2074
6456
17995
2863
16142
4545
346
13685
24610
6217
6259
9186
4517
11260
130
38709
3569
18047
11777
11059
41316
9540
10833
4122
4096
2284
8428
6143
37412
9014
8012
11109
10324
25531
2167
16594
7657
28978
2841
6161
3696
286
6977
35010
14526
12049
3407
31200
11700
6628
1154
3787
7728
2373
13959
12085
42516
14521
11030
4021
1547
24245
1285
7209
13613
6930
11901
7766
5140
4103
14690
11891
42694
8820
21087
3254
8159
1041
3177
852
38225
18060
19418
6564
9244
9438
31995
8312
10883
19493
25681
13546
39271
36487
41181
13147
8107
12375
18326
23051
11740
8341
3176
23514
8511
10898
27795
4194
251
38628
1915
7150
18088
3397
12677
4474
906
19960
13406
18453
14631
22236
11100
18607
14848
28948
431
24285
36142
19281
22816
4093
15682
9413
349
937
1751
22616
20922
18151
27264
804
5918
8776
11595
1754
6568
19986
12518
923
2354
16448
2538
10182
20966
28811
22266
18033
19257
13012
15528
16206
23566
38062
10452
18503
4139
953
22991
3107
17335
6844
17247
5044
32667
22212
11146
13563
7134
12557
5206
4626
3121
5521
168
7168
1556
9505
37061
2810
5015
29730
23777
5682
8079
453
3296
34156
3971
1148
1414
6429
270
28903
577
36284
12286
19401
11545
7698
37786
25327
2612
23478
860
3113
10638
23
6135
2086
6382
1876
36035
5983
20144
14944
28118
21316
11537
18767
2956
25214
3232
28111
14747
6209
8566
11070
14125
15309
2203
31870
1010
21725
8271
4415
7957
4413
8761
11903
34542
39118
19365
9265
38933
22939
2130
9525
12633
10398
22653
19895
5329
12445
11530
11671
10123
4471
9593
4695
3855
9585
8440
9634
7017
9341
7035
24964
17710
26951
8307
28598
6542
12289
4245
3321
8575
40021
1686
2237
5404
10563
14915
4965
17094
1762
12525
35659
21468
21195
33699
1661
13728
17619
9852
29885
20282
35776
4839
3574
6190
10665
2316
13016
5758
19848
2802
15740
9400
10161
9047
13843
5674
6291
15789
6765
8348
2892
1609
20796
3633
11696
3646
26007
41796
5394
10000
920
658
8354
27842
9149
28382
15260
17327
38387
10240
38748
9489
9029
11577
3465
1258
7181
4009
2230
15589
27896
10845
28730
3805
22774
29760
13622
15231
31008
6866
1987
9218
32403
889
10803
34390
19664
15578
38176
2247
8288
2336
869
4191
6799
3511
7120
15153
27593
3003
2103
5231
32504
4915
15854
2770
9135
13824
27086
17831
973
20728
1904
9799
29950
20437
7507
1368
2896
1742
8057
21258
21640
22309
2133
16228
18424
1200
7494
23128
3820
23767
36100
2022
18054
33246
20314
4813
13046
912
22765
1866
3886
547
9188
1623
27810
10872
9655
33733
5043
9053
2607
10635
1371
7834
12830
17500
19339
2793
27100
30213
3840
26400
34043
822
40805
2684
2175
8708
13968
18981
19203
38155
38750
3368
12407
4607
6978
3751
26600
5487
30777
23509
7546
14636
1828
9748
29818
27517
66
5905
29202
18835
21761
2026
8559
16731
7983
9215
5523
10001
24641
511
30506
21810
10953
9059
5076
14830
19561
4513
20594
2837
25744
12982
13973
12541
417
28351
14997
3668
31223
1780
11610
4723
28722
39948
19778
25239
5294
6550
14609
940
28708
10162
13432
18608
38608
18982
11399
1369
14614
815
28511
28017
8748
15077
2948
28524
33511
3046
3694
41041
7770
1359
4044
7776
14650
24532
13158
3488
16639
1502
18281
11510
1805
3630
19822
5226
434
11344
2389
2356
15622
18460
1647
7408
38567
10062
27700
28747
24451
2182
19592
10514
6484
2407
11257
22597
36556
28239
3220
27770
12258
20604
39355
31591
14442
6650
23879
3395
551
14199
4182
5148
16393
33121
23936
3966
25547
1722
27279
32811
19678
2741
13872
18223
13931
27839
1594
6315
3388
19010
11520
30356
9052
5503
4222
6452
15907
6743
9825
213
25738
25194
42460
5256
28965
11924
7543
8523
16023
26726
11807
5403
2643
41231
4106
11084
22462
17184
30292
10633
5258
8162
4969
15144
4140
1042
16577
32762
6520
29065
24282
14124
7304
23935
5086
8803
2168
13244
11667
2333
30572
18581
12829
30955
19256
10145
6087
1578
7806
12647
11081
3568
4088
38747
11288
4360
5636
1947
5261
9935
4353
23594
17020
8879
19742
16134
11686
2846
8717
20319
197
10397
1463
36388
7609
12448
1191
11729
3168
11056
26673
1925
6153
32814
7458
41390
14425
1328
13216
1074
11776
39215
5600
27434
3842
9391
15998
33928
1930
5896
5085
351
2817
1488
29114
1207
35006
1348
17360
9318
8964
194
11942
8251
6560
20980
41763
1551
13920
11786
2070
22430
29614
4962
1804
6358
8943
4916
3845
5423
15454
23476
2835
8204
22514
20623
2587
24993
10944
9419
4081
5917
10321
21544
17138
1283
9013
14751
9083
9664
3968
5502
14682
1978
10541
4814
2834
7713
13909
27308
6004
2666
9896
26910
31976
7281
20212
44
7265
14071
382
1771
4340
1836
147
27814
22079
9751
4729
10332
24617
1501
22029
19294
18656
37693
13620
26698
38879
8909
11709
2839
4410
340
3399
3942
280
16252
2901
5882
16686
20401
12278
8072
23887
3701
31789
2922
5379
18293
18766
34963
15008
20405
9576
519
31330
11241
2502
25177
6411
13101
29018
11065
16413
19496
23725
29154
10918
40092
1458
33222
16672
10865
9303
8565
13422
1478
9804
4033
12954
26656
11167
4991
2798
39137
7064
25266
528
11067
7842
19342
9997
2132
22631
13538
17404
6383
3426
8050
6395
14291
9926
13245
2942
14381
6805
17139
40738
35667
18491
4284
38505
40614
3145
4920
5899
41404
1871
18228
11856
14205
11236
3878
12305
1300
9987
3811
35338
10199
32843
14733
20207
782
14724
22285
9145
1615
16415
8019
10518
4292
32807
24422
10203
11269
1063
9010
7067
1889
41933
13568
3789
21363
4861
5338
2233
7029
13842
26267
3682
11900
692
563
16215
6678
5102
1700
10961
15805
1366
3079
2715
19929
20034
12234
39776
2813
32689
14487
9894
15733
35449
7866
5094
5038
8814
8528
8432
26103
77
20485
5074
1982
12257
26332
3584
9530
15023
21913
3044
16651
41786
8133
8190
34050
4566
8978
931
1026
4000
9330
7336
5994
6009
15973
31984
9563
3965
17529
3382
167
18936
36170
24549
11756
20258
4985
23517
7396
19765
1143
9025
20542
10141
812
11749
3431
34410
3510
41015
32369
4630
14720
485
5437
8471
32892
12217
20315
436
5666
30768
9069
26248
41287
4638
2847
16542
13192
16337
3636
4039
13944
16012
15128
15628
33212
12898
6050
5819
12864
13473
4572
7936
3695
20489
1795
16397
8687
11522
3068
31753
11291
6885
10221
11079
7545
6910
39335
29799
43016
3103
12921
18106
16950
11454
1881
1309
8593
82
19514
6113
15553
6737
477
9471
11326
6509
1952
4181
141
37108
30339
34909
12079
32615
4023
18026
261
22207
59
1954
5355
4502
3009
8688
9661
925
208
1438
4228
42722
13792
6308
4648
8906
6878
959
26036
3183
26922
12266
8438
8018
25569
5652
31575
5858
41163
13327
26097
15395
13618
39718
25761
26184
9222
12702
13815
40837
14385
17726
28375
26444
20582
35901
3693
18821
21862
13333
5890
39483
10506
38906
13242
234
2148
595
6928
10092
6084
6085
4836
9435
6377
9842
5202
1781
6744
24226
18
3085
41317
9786
13211
37206
1535
3306
8397
9459
2305
1563
3786
8496
21105
1728
771
5903
13998
4946
1841
3906
5124
7257
20480
3287
3418
5490
248
36618
22812
10522
15499
10266
5518
3275
11275
12697
4574
5889
11952
38555
13634
32621
1495
4562
1755
12197
4735
616
15087
2372
5777
6288
7000
3674
7900
4787
42427
5515
7542
1651
13396
6369
29932
5721
24861
26664
3076
8486
2117
14789
647
19981
34635
9541
14439
40877
37705
18414
21177
6721
25897
6049
23663
12457
17003
3427
7756
6497
8633
6067
17125
6591
24626
8045
23927
33668
13692
27986
13005
5290
9694
4164
5438
20324
5751
10300
20878
13875
5505
5496
2832
4
14
31754
29591
1003
40434
22025
5335
3111
7754
11017
10781
39356
6436
3498
16886
30980
7340
8393
8934
18959
33867
3771
3486
36190
35514
2854
4515
3717
13437
26749
7989
2456
23760
23974
6654
26625
19893
21952
4924
10634
4332
2682
30948
25899
8931
9063
20545
7596
16554
21323
4587
19319
6881
24664
27724
8161
9338
16160
12661
27756
7174
7295
239
7625
4133
1246
587
2482
34981
4059
17501
12070
1574
6951
32904
12354
1436
27060
23705
19747
2021
15881
27573
26837
32029
20742
3037
2236
4643
22473
29634
3264
10003
15038
4655
16588
10155
7221
206
29400
39490
5019
2081
11046
566
8157
36289
8453
33607
6367
503
38782
13212
23776
135
1667
7784
34386
3305
6871
16396
13809
5057
2010
29613
23004
1378
1675
1437
9074
2797
38416
16883
11233
30893
3066
113
26727
8206
17845
32812
17642
1801
36886
10148
1297
35557
1608
4725
9531
2849
7939
40828
2719
1032
3179
2923
6150
1953
1447
26723
17066
1316
9260
517
18217
13741
4978
24272
21430
29778
12458
25837
1648
4657
39094
12582
2626
8531
8812
9261
18464
8280
24563
16685
13220
4782
9262
21172
1588
5002
6859
36588
7312
18500
35357
10579
6070
26561
39113
2451
39091
12606
36296
11428
15758
6810
7617
3766
17867
38924
3862
16842
21568
38189
5084
5546
5239
17618
4132
10585
5263
36674
38802
16074
28411
20724
5815
7147
6239
6759
24063
6361
5311
40748
29943
724
21284
1698
9503
17967
35391
7020
5605
3683
276
15406
20035
20743
1224
1711
31960
7534
4868
19463
2113
4592
14201
21755
29397
8567
145
2624
3375
4625
34606
7177
26740
38936
4124
3712
14879
26613
14502
3251
22211
585
16398
2152
4257
35491
42483
13897
13474
823
20688
32869
39823
12658
4594
9034
23019
7885
30629
34783
9311
18446
3604
3895
19667
3715
9870
30723
1806
16169
12429
4480
10379
25242
2618
31928
25582
1420
1230
9283
9738
1664
4416
19465
2365
4777
16417
851
29712
15126
7262
3032
12795
11314
3351
16311
1635
11317
183
7261
1706
11370
2285
1379
988
28431
7551
20649
4198
21632
9195
36830
14946
9089
5196
18092
10870
37797
589
33478
7941
17600
3219
26571
13822
445
9513
37385
304
25256
20010
2151
1312
39333
7454
12887
884
559
1094
8310
7501
19214
29917
33395
1931
4378
34434
760
4131
4507
7431
21706
2011
20344
10881
21857
1941
42754
36205
4358
12620
12157
25875
11963
6364
6988
10342
23673
28794
5056
3838
34601
24792
95
22683
3635
21340
19811
17898
679
36250
12759
20263
15122
26182
37025
42368
9953
7371
10746
926
9743
11292
8737
5939
8053
18276
41343
7151
39808
733
3975
3773
8255
10075
12531
13844
30587
8065
7629
17403
880
1304
5454
30082
5289
3051
11436
2064
42439
12126
1734
14336
26114
126
6240
9605
9219
8741
18098
2366
13307
4074
319
2726
708
34932
3277
1875
19879
2495
11589
4938
37138
3597
35158
6149
13218
690
37788
2055
3411
11332
5934
12469
11364
6731
11130
6491
8600
22418
11325
9640
30100
8152
9649
25490
2242
23471
33058
11727
2100
3056
5931
4921
204
796
21400
1688
6365
6026
38980
5854
17471
41446
25874
11956
36544
12956
8286
12008
25800
5726
4914
2838
5071
11751
8702
6419
1533
3790
7795
3211
38039
23173
232
20042
7343
11870
15457
4780
12566
211
12063
1758
18642
12824
3944
18264
21592
21109
7792
19117
2262
34057
7780
17919
7889
27643
3110
6469
4598
16358
2063
4890
15300
5332
21807
8189
7848
11068
5953
19776
7531
7044
1052
26641
25430
7240
2963
22712
488
7335
3681
1075
29333
6929
23502
1292
34664
27107
11625
5030
9739
8618
18131
1443
7588
16809
11921
572
919
8370
6725
4110
40340
7419
7587
9601
40374
831
15279
7757
27640
25174
28574
13779
4550
11649
3522
20257
10144
9958
20197
8901
7779
10739
3352
1362
8029
2199
6503
8696
3861
28628
35047
10020
3164
10966
1489
250
24353
2610
5121
7455
5093
30451
9534
6477
873
5123
12122
1765
33128
3594
4726
642
27699
20892
2267
17363
19429
21233
1140
2550
9699
2826
1840
11945
4120
16629
9816
8227
4433
8243
38882
5535
3512
27241
4852
2822
9642
7337
16824
3067
4503
32318
40940
2379
7043
9575
12857
11639
757
459
10190
28201
26576
13487
14957
6252
109
2385
6280
37186
4758
20631
36290
9065
2335
9846
1843
4932
4143
11863
11860
8505
36370
1949
10554
2090
37951
2970
10984
985
27003
21066
15356
4411
6244
37631
13831
34583
4251
3927
16303
2690
6437
4919
39656
1222
39517
6682
1419
5823
34782
5108
4258
1383
6544
20178
23063
10512
3778
9251
26096
10146
7918
514
31519
20278
14312
3088
9697
8299
5273
17925
10147
89
7610
3596
9681
8111
2206
5407
359
1310
7521
14592
20041
2653
3381
14866
4063
7461
2788
8267
4300
17258
38880
8662
18830
17291
36191
1428
7930
3031
25338
42995
24875
7311
16082
15794
9274
7994
2773
10686
4898
522
5595
9457
7704
1684
12350
2642
4108
9009
31969
2359
2608
6323
27032
2043
13759
16699
2414
32908
14139
2141
1972
8996
9447
15420
4596
38415
26745
2410
483
39423
21781
8578
4321
2588
15565
1816
28286
4452
16086
1657
10498
18958
4539
120
13222
41910
3500
13328
9180
40
5881
34919
26181
9938
8252
1407
58
6028
28906
18455
19192
19366
4653
4464
6370
2369
9411
6597
25568
20154
133
31046
31823
12937
829
10995
9984
14643
1970
23139
17827
14897
1004
7829
4283
7552
11180
5859
40505
5262
34137
41325
2377
3208
4295
9340
2652
630
2030
18846
28269
230
6101
23984
41412
1460
918
15396
7172
3171
30849
34411
11094
6578
1138
41680
7332
22010
15361
854
30384
14625
9420
11731
14948
5895
13140
19875
6538
13891
1656
5354
2789
36498
16161
16216
6480
41442
33531
21068
7476
1469
4097
23160
8591
18822
13918
1663
34131
9813
3744
10692
14745
8074
2882
34573
28261
23912
39272
30346
7480
129
5363
22720
4239
6905
6090
29494
39336
10038
7146
9416
4687
15310
17785
15586
17137
1975
471
11115
1837
10331
2699
5943
9700
5339
36904
8695
41664
41958
33980
4235
13095
19497
321
667
17160
18204
5380
1440
21342
17721
7038
12515
6501
874
7483
15735
10204
14210
23276
5410
12629
10128
958
29874
11014
6814
13714
38864
2718
4894
3054
1877
11995
12587
10083
5111
11853
30050
4935
6870
1082
2995
36575
13334
777
7258
8813
23462
2075
3468
9071
1983
2850
7016
35112
2751
7891
16745
2819
10839
19202
2219
4190
38029
7226
41540
19775
6851
4234
22768
7725
21716
29872
3239
10751
1238
35138
24263
35575
1493
10423
5855
7945
7904
36171
14372
6046
460
13305
30173
3033
28709
15557
12877
8066
10704
5369
2048
1939
1506
2649
3962
5719
20014
4053
4671
16020
6152
252
14752
5052
10014
8699
18623
4551
14773
21320
2318
40933
1034
20005
4650
3105
4109
9657
3343
36019
5326
4022
3340
2269
33732
3309
6287
18495
6439
19473
2441
2747
14493
24850
7560
32909
3011
9853
24562
11816
6998
12985
9906
24003
4858
20019
6522
35322
6170
8948
19384
26284
3323
3303
31352
1868
18324
5357
8561
650
15369
16315
1589
2730
10065
40929
5203
7085
3204
5796
1811
21280
18696
5384
187
12766
38955
85
5599
30683
950
3471
10755
924
56
5908
613
16472
256
39313
472
28765
39299
7943
38767
2375
9675
15431
5100
240
2204
7266
810
14084
890
40169
6213
4329
3327
15000
1267
6115
4762
23202
30181
1812
4221
6064
3775
6472
14092
39167
14503
42555
8379
20544
1717
20558
4170
4854
6225
5334
37259
1311
22009
5813
4472
4062
6612
2253
3643
2754
1928
25998
15556
12030
10415
10658
7568
41294
7176
3097
32346
4080
16392
3197
5325
5554
3677
27345
4134
10606
3078
5468
5624
14518
5569
4359
39075
34147
3752
4936
4469
5097
41134
5080
5224
5798
949
10005
7726
7314
6453
8690
2125
17058
41215
35295
3572
2254
10477
4155
5221
205
3718
33942
27827
1503
2735
10006
2733
1225
7034
17260
21808
6301
900
41872
4907
31522
1979
4790
10610
11538
2163
1429
3060
3463
20574
23167
4853
4057
14490
704
4392
1909
2317
9934
911
15948
15903
5133
13431
7938
3346
36678
11881
191
35870
19760
26728
21759
5287
12434
5677
3573
4422
25112
7585
7495
25460
5593
6651
2685
57
9
16797
34915
784
11892
557
2763
25973
49
13189
24966
6127
13225
420
30981
1992
2334
9270
12011
28312
9378
3257
5463
25164
41088
18957
9523
3380
12395
35
1796
178
1355
5708
27761
9118
37952
38258
27175
30486
8290
21203
28693
500
17564
28203
5324
15867
5729
3495
39491
4141
34114
16312
25544
11024
12590
882
13326
3456
15844
9412
2072
26760
42358
2338
3756
17921
2174
8700
32227
5897
198
10119
612
16522
7759
32104
9817
6241
8681
7363
3472
768
3654
2601
1433
12283
6505
5533
2120
4593
986
1619
2924
34486
750
4147
8510
39859
22164
10924
41087
32225
21009
1538
4776
39364
3070
1555
9216
7422
26108
2124
600
13329
38595
1976
4086
24288
3638
9414
23635
2423
3180
24363
10484
13210
27626
9313
5091
3152
1147
10651
1498
10468
5684
40145
3689
6633
4637
11437
2188
8596
4071
5976
1536
6185
9826
27106
26481
3706
6188
8093
2950
7953
5877
4926
41451
2617
16301
3178
1703
14441
8291
10636
24780
16382
7634
5328
2261
36419
1782
6831
40644
19500
4272
594
35986
10435
32608
3880
3699
4386
15075
2711
18854
16473
6777
5969
6435
20038
5157
10848
2370
9395
14172
5568
7477
35538
6973
28485
15019
2037
11352
14481
16115
458
8454
20107
23881
2123
23794
3834
16478
1174
21745
7133
1040
571
3027
5519
1838
4580
3514
21931
3129
34493
934
42703
10916
1707
508
637
7299
38398
2060
7086
42001
396
60
11571
20108
18698
4494
539
5575
2689
1066
5265
3084
3999
5432
9032
36064
20569
7978
4672
30009
537
2914
17036
84
6282
745
1159
14581
3678
30687
17348
663
3102
903
5665
23219
3684
1491
23717
905
7308
15660
7446
25483
6572
20573
4419
40299
19863
5766
38554
3541
1349
12241
30518
20013
4731
26016
37368
7771
33599
5169
5629
2439
8202
1157
13832
2314
4523
772
11342
23117
29663
5577
14025
2107
20396
1540
1039
15939
27288
13725
14749
25921
4468
6215
17515
21268
39977
10835
18432
10520
17593
1302
5590
26934
5286
2575
3577
8165
28468
6864
12938
4665
11726
2364
6211
13923
16482
6521
5061
2376
17542
40716
2681
11177
7121
901
4465
7888
5952
5411
37239
8037
942
725
23658
9702
34509
17607
7514
8546
8444
2573
9470
7250
20616
33007
6116
14735
565
20706
5260
27026
33735
4835
7810
8804
1007
16555
6779
2998
279
13
33450
30351
1920
5310
24011
9462
3890
26191
9139
1333
2872
3089
150
11360
31371
943
7008
35417
15227
7658
4906
21746
3672
3641
11605
6904
11153
1559
144
8239
16438
1692
2574
27435
40516
23578
3029
22837
933
35090
8250
9911
22876
30008
2036
1885
20196
5494
619
8647
32713
34459
40964
1321
8321
30974
7564
23966
622
1195
3941
6945
36692
29777
638
1710
3181
2669
3664
1595
11482
4963
3758
2009
8103
521
10861
34588
2363
2758
11398
225
17782
229
3055
29752
1108
3053
14179
9783
17947
20575
14109
5978
5082
4188
12868
6454
6214
9023
853
3
4556
16304
1396
28943
31973
10864
3697
37111
3050
10139
10525
13805
5007
15275
11240
6415
32257
8435
7724
3919
19174
1676
16265
32706
21261
6142
35192
7571
17589
17655
10519
29931
8140
17922
8322
15626
5844
13167
36041
32113
26171
2327
6310
11912
2572
6399
6726
2771
1223
29826
3357
787
4709
6057
17794
23119
5003
24256
19457
5847
22865
1212
5532
4350
4659
6231
8430
22829
902
1890
5068
18904
11452
7917
2224
27479
2127
11946
3903
13017
10425
4928
3894
407
38778
4641
6748
5059
19289
28057
7559
24314
3550
4586
27666
785
32961
38517
3385
6159
10389
7426
8473
34743
6271
16429
7460
11988
4414
21281
765
1101
1421
20967
20792
4647
24145
4541
25954
17522
8027
25694
3879
5025
7503
7373
24935
4286
15624
1685
31825
9521
16423
35869
12940
4225
4761
928
17783
7119
8729
10255
4876
24971
14206
26808
26849
8282
764
23619
16671
6092
5681
1363
1694
21421
1546
2347
10846
5083
1526
11738
39394
31734
3731
719
29832
12323
1544
411
26996
35207
1844
21874
22351
13160
13696
28138
199
18552
5656
1873
2991
3613
36233
6688
1980
4461
8701
2185
1490
16508
23494
3039
31869
11886
16048
18847
318
3162
13091
3147
6366
3065
18104
5991
2457
7039
25409
3628
5436
18110
871
7768
2243
1785
2468
1073
41135
3623
1459
1528
1878
26072
23268
18071
15419
31493
36017
1929
5318
1739
2769
10140
360
21996
23438
14798
406
9590
773
29833
4035
1660
2800
3045
5845
11286
5477
36406
14928
26410
16290
6812
392
432
12452
2069
487
3247
31700
38823
7475
36675
567
3631
1425
24320
3337
1001
39774
3934
3383
1137
10877
38652
2987
18232
34956
7998
11166
11592
19188
13001
40953
28097
5170
7366
9062
8922
28844
36467
12121
2706
33084
259
1950
3950
1984
9979
10168
3378
6457
8859
39120
870
5659
32064
21891
2768
4090
4549
14909
1360
2483
2223
39152
5444
10052
6108
2099
3673
5951
1012
16756
17781
2767
15966
2035
1120
27325
2816
34385
438
3598
8554
132
1164
5381
23265
12364
31
6261
28027
33504
742
22831
9654
4145
37924
4294
4588
17612
2505
5970
3534
2852
2244
5642
1427
33235
6066
13472
3612
15599
6526
6196
2708
25518
3052
1404
1415
18107
16434
8718
11575
1243
32813
3540
3170
17009
1786
10849
19864
10840
8975
34049
9812
2752
40016
7727
38535
1113
33489
36838
2727
33377
4403
2683
27312
5683
35621
615
3780
27248
12134
32021
25684
9526
23200
26015
10122
4322
32016
32867
4525
2241
16136
2717
19693
1395
5835
2915
15793
19631
941
17608
39913
3846
8614
10764
5907
25191
2004
2437
4352
4768
8646
4763
20867
30545
4217
31487
4183
35392
37780
16435
4599
34024
34418
5116
6224
35307
302
1347
7249
2054
5867
39158
6782
6461
13686
30926
5630
10306
5356
2337
2140
6154
33807
3513
1815
562
27292
32806
4130
1633
3419
5591
3644
2046
13219
8164
2
3021
1139
1252
3554
25685
550
4800
6426
957
6548
1377
38117
4056
5579
2092
21958
1205
21039
3386
6790
6498
6061
4252
2380
16521
4330
190
5537
38951
11296
5640
2378
15093
7027
5597
38904
40089
161
5893
41301
33172
5139
2093
4509
13011
14462
9498
987
1824
19382
12
1505
15432
1590
2469
7791
9612
2609
8639
2180
2996
3299
15675
10511
3248
3373
5871
11593
7484
14180
7403
6846
2902
4327
2128
19091
36050
2894
24505
974
249
9613
38177
36857
549
32607
6455
5047
5658
3912
26077
1257
314
8669
1047
18111
6992
8075
5393
879
740
5205
560
2557
2845
3774
10811
7389
22828
2073
105
5301
12711
158
1199
1227
8601
8365
3561
37545
2663
39135
6974
13908
34403
10071
8570
15937
1718
3582
14570
3057
303
31320
15521
6269
18196
1106
1255
4184
13985
10302
14790
19762
3858
3591
93
16437
12636
8108
25769
2454
30079
12704
26076
34079
2782
2887
1616
3128
11794
1231
6079
6359
88
20391
184
531
26022
6406
34852
14667
19766
26170
31406
13925
11591
9255
7427
1123
1955
3236
32034
2775
30031
1264
2245
24112
4460
1269
30350
1696
26898
2794
8371
165
1914
10760
393
27041
1933
26990
2905
3480
15538
8102
5222
40652
756
7615
32633
4651
4491
2492
3116
15284
1587
2176
2781
10021
11224
4542
17293
3497
4176
3688
7984
7290
1000
22830
1242
7166
81
6875
2765
16819
11986
119
31045
1444
48
13174
4224
38694
3551
6600
28659
30857
1665
16222
4226
3917
1757
723
493
2602
4579
6
118
1305
2961
6423
6776
6554
7217
4628
3083
10980
8364
3605
15184
1293
3860
2927
3884
19865
11626
16865
1263
26074
2556
22027
3278
7267
39872
180
19809
11612
2552
22
1879
936
2750
35113
2496
1194
2716
6637
1907
39461
735
55
2491
4589
726
18105
1111
1142
2820
1009
2686
32266
1125
2382
38651
929
705
17752
2670
744
1957
1571
16439
1038
10469
33111
38141
1829
36429
1340
741
16436
38118
20256
3908
2766
408
1921
2126
1294
2312
4236
16440
6065
4026
1969
8540
2034
3883
5
3489
10276
1529
789
28667
21533
1430
2634
38576
2187
34957
18541
28668
4331
39960
2655
2313
40105
35293
15908
2936
7478
1112
1645
19744
2533
6078
1472
649
2429
17114
3118
1270
15433
632
1306
3041
258
21368
7370
36288
14746
2632
36091
2548
5365
2384
19918
1814
5767
1107
1783
1600
12120
5268
10847
1748
30203
32787
3005
291
358
156
544
3515
981
935
17343
1632
3024
4231
24031
121
1197
27193
1523
313
9356
4017
15197
37405
28969
509
157
12825
1810
7474
31044
494
24385
400
33987
395
2986
32279
33897
8898
398
2999
162
5390
134
754
15906
33572
4470
561
8982
558
27096
23319
1124
1927
2851
1049
490
790
1697
80
8095
5173
17146
36689
618
40710
403
16137
3590
9709
2889
10022
3753
2981
94
20659
2227
19005
3025
20568
1936
1048
3255
802
3750
26627
377
27594
381
29688
8630
30673
1030
38572
8021
50
33144
2493
33004
2806
533
5304
4138
16133
10
2273
4177
633
5673
1809
3617
15422
11
155
29784
37133
2330
9814
4519
2238
1011
186
262
968
491
38905
1797
510
1268
617
36840
489
7175
1919
3369
999
34023
495
1798
1141
11367
18731
19
3412
6499
149
614
532
2386
17486
3592
