15152
25708
931
6570
4563
13835
4202
11955
12793
34696
17068
11789
14768
5191
7777
7901
12609
30945
980
16070
6073
23317
15954
15246
8026
9391
7522
5361
9539
7097
12980
13847
13399
4692
3012
11370
9227
10287
9316
15909
5307
9231
6953
11692
6393
9593
12941
7865
4644
25959
12272
20606
27570
7773
5808
4194
9791
8174
22279
1294
6131
29711
9437
9881
6298
3329
8156
6124
6718
761
2551
16829
16584
15688
6604
25802
12907
5062
8183
11041
8569
6479
14424
15041
30967
29989
12083
32882
9974
9421
35480
3023
8343
4591
35299
35097
33314
37353
28479
7848
11712
15185
19454
16731
29272
23816
5529
3221
11825
17960
13407
28443
4040
9711
6835
8064
3998
34096
4021
34831
21107
12904
26821
5271
14160
4132
31027
9030
6259
11030
12997
4452
14709
4716
24215
12090
3476
3868
8158
6511
7706
12570
37148
12055
19685
11999
7272
11439
10795
13034
21786
30512
7741
32596
5971
9605
1767
6556
33746
4600
4862
10415
27228
10954
33498
34910
5738
11102
23491
14183
13496
37185
33760
8071
3557
9124
28876
17516
34895
16826
6220
34010
2795
6724
3724
2850
16608
2194
10713
6539
22857
6087
30452
21851
9243
12724
32674
7988
8916
3841
14429
19125
1297
509
106
1509
12803
9044
8649
1177
6727
8279
12092
14203
16644
5304
23124
1324
8311
13003
7736
24382
8546
9716
24544
21431
7708
12912
4190
13531
5849
33284
31207
8580
14159
10524
11446
29194
31127
4824
6475
759
2612
9698
3849
34003
13549
31258
14550
5715
12841
9014
27719
28284
17106
6515
30018
8917
11919
14937
28649
13007
8761
9599
3421
11940
9858
13993
37236
22360
15539
13499
4098
12476
6204
13140
11745
7083
33757
6562
1654
15405
12781
697
3457
12282
14538
27110
4516
14688
23681
14093
7466
26248
7020
508
6312
4027
29674
15040
10614
8331
5776
9942
15472
6805
12448
9504
27398
12582
28002
16090
31451
3333
6581
9132
11584
7578
6304
32757
27303
18724
1323
5418
11011
6284
12127
2715
17652
2130
2398
20721
8806
24589
12833
9043
37344
6900
6731
10096
7484
31293
7593
8832
21916
6715
10870
4225
10993
8297
27285
6949
9750
9587
2084
11167
11550
6767
9984
2180
29431
10516
26338
17537
30300
2732
32817
7119
9565
34107
6350
22098
9004
10651
6485
5899
17435
7417
8245
30991
11912
3335
13275
12906
6777
13900
18113
14180
26096
18879
16091
14805
11064
5831
2556
23562
12320
1772
31121
9419
9167
12530
3420
7245
4364
12099
3953
33390
1440
11435
31468
23
541
1567
17002
4999
33451
14469
13350
5731
7603
31518
12856
32795
9415
4239
4096
23396
15265
4129
17477
23131
14036
12552
10710
24214
13618
515
23006
11016
15276
8333
25878
24277
31662
7040
8036
14754
25339
12863
14338
4035
3184
24014
7940
18892
6398
27511
17759
6478
17358
29688
29772
7098
11133
12450
10420
12283
7822
2697
7595
7704
32676
9128
33631
3600
3873
11443
501
3882
34320
14312
11054
11916
7252
8455
32236
15961
11889
31538
8356
27124
11028
9787
15805
22207
23827
5651
3554
6940
2560
10698
3502
32849
13930
35565
13478
11400
10198
8890
8419
10553
11448
1492
8538
3871
29059
35486
30136
4706
8087
8732
10915
8225
8632
7816
8843
3809
6628
12768
7514
7389
3525
10950
1822
14772
10907
10473
14087
33664
13023
31301
4590
8596
16698
15650
4532
34521
13621
16736
3743
30075
4013
7427
17360
11188
12433
3591
6207
23084
11434
540
10256
14525
3642
11224
4525
37081
2295
11907
4328
35765
23400
6689
3918
10033
6952
33804
13631
711
15876
11711
17122
8509
4567
11366
8228
25352
10057
31108
10027
25680
22936
15244
6221
15933
33672
7742
8669
35468
12172
9049
5206
15532
9304
3477
2056
11617
10564
28016
2309
3588
4288
2734
4615
9598
25277
35830
11056
10540
32878
5407
10383
29606
11720
7450
15083
12100
463
7895
21616
10094
8298
35680
24790
9597
9830
7607
17665
30611
15387
1087
19858
12594
6766
4245
3766
22938
10058
17032
23394
10911
23533
29202
4177
4631
5263
35997
6708
36799
19270
13436
11755
9029
2475
29945
1403
16255
10389
2611
3430
6126
30978
12336
16581
16057
3639
9294
17361
11407
4297
33977
8250
14520
31677
33810
5074
32758
7186
4152
22708
9929
4932
11209
27195
11221
25012
29241
11807
12734
11820
1751
24859
3919
11576
3195
33141
23419
7397
539
15630
34122
1687
7877
4273
8347
11650
12550
15189
15720
13840
8496
6745
6353
13826
9216
15544
1242
8113
14185
31157
11921
13972
5491
4987
33522
5724
35327
35547
14011
32644
1628
8911
13278
33781
5470
11756
2615
10063
9145
10621
11284
8464
13620
36226
29371
11976
6266
5472
12527
13299
3220
35890
5264
5277
30156
658
28120
9570
23787
5811
12149
11523
6397
4009
8723
31428
10714
15627
9343
2057
11418
4144
10530
22557
6645
6076
11035
6322
977
5365
35494
13308
7174
8886
21442
28097
11554
27131
3632
32608
15266
9508
14717
9653
6651
14123
29362
4682
16821
9585
9703
7821
21924
29728
5496
8918
14519
6882
5952
5546
3074
15577
10454
12209
15536
11457
21918
5173
14174
13142
31242
5363
35243
2384
4947
6033
3493
1729
1258
11681
10565
9592
7201
5727
14613
7642
8434
2646
9211
4859
12855
23499
4267
3669
15963
9142
3387
32720
12618
5838
15015
3386
8912
35514
10296
6747
16185
33310
4714
13300
12750
3179
14623
5787
30849
25696
11538
10247
12867
5258
4845
10285
11014
29363
17956
29338
24076
13404
21131
13882
16536
25462
33315
22415
4376
6320
12921
35131
9821
4262
16018
33415
9143
2369
8287
33880
2214
11658
5895
16844
10495
26971
2420
35320
4951
5951
9875
8627
37435
12114
6426
6034
15110
2791
8531
13277
7949
6260
13848
8024
9482
22434
7107
5156
832
35994
8310
7884
3066
15219
6547
10620
4721
4997
29057
11191
13116
6936
21900
5825
6534
8913
6569
26628
5833
15177
11596
3827
32472
5568
11643
5168
25847
9394
20694
8578
4371
13673
30507
2608
17646
1723
3042
9111
14872
23221
12036
10899
5946
15003
20608
4674
7853
4939
14075
14526
7824
11874
30918
34949
5523
34493
5832
7644
9253
6571
227
22364
9580
11130
34296
12874
12144
11013
6287
13293
6296
26693
7243
21836
15762
3593
10970
24147
23646
14893
31331
8711
15817
35894
23041
20952
2068
5015
7598
2962
34643
3891
22513
4136
35873
5783
10116
13819
10707
5740
8203
4141
9454
12366
6721
24386
24174
8412
8934
6386
14967
9732
24158
29705
12087
8861
22667
31719
7095
2975
6038
31094
5703
8733
15854
11116
8240
13212
28766
3637
17853
11095
9573
4618
8829
4715
16971
4846
487
4993
7552
23139
16891
5917
23148
26728
907
33006
13660
10790
8070
22672
3952
11258
28121
5417
12923
1378
6203
8959
9857
29719
30645
4491
2179
17116
14222
10545
2648
8075
2897
34704
12520
35448
6482
13396
1783
9919
11461
4505
35483
9055
3342
14175
35697
11562
1735
12797
22487
15686
17948
22693
15660
12507
12308
34318
9708
4794
14666
34593
21892
2350
34623
19581
6329
3156
13458
21441
34008
8846
9780
17137
32730
7108
15011
16765
23663
32671
31442
4726
10205
33776
13740
1068
10020
11906
13479
23307
7647
15368
25822
17733
36196
23295
14323
4344
8466
15646
2039
2036
1625
6859
10917
14841
2257
10990
15346
37470
5880
15547
5039
16449
18964
3423
12705
13319
1271
12300
22115
11199
9509
8050
8753
19714
4826
16043
10585
26921
6285
32262
9412
35467
1852
21002
17248
8724
9583
13775
22152
18836
1685
8102
32070
31696
21109
3652
9212
11151
9990
11770
16061
22670
8488
3813
25547
32140
9710
5055
10085
12864
21611
6371
2957
12642
2262
5540
3927
7702
6400
16172
37329
37203
2738
12757
11108
23076
1105
12641
5828
3427
5445
12564
6780
8899
31011
8338
3798
8893
34110
11086
15553
10425
5242
10284
33311
14621
19313
14186
12898
4005
26636
10872
10842
4257
25899
1279
13544
31658
2988
31279
16709
9034
8780
17429
1740
4183
3456
12931
13497
20815
2413
5479
11427
7917
9955
3357
15097
7286
3698
8031
3076
1570
7799
4565
14882
30610
9958
25816
15521
24808
33207
35301
32606
5549
36416
8320
15790
10863
12096
14168
6578
9357
18057
14136
5597
10828
8322
3931
3922
1658
4482
14102
8391
6358
5061
3839
13881
5714
8656
11763
18797
9010
19194
19659
5492
5883
29736
2785
10385
22229
33107
9630
21772
21138
12992
10847
11821
4453
7396
30437
3080
11761
10082
5785
3744
3514
12486
23836
8478
7569
17511
31631
12327
10265
5906
19508
25620
5816
12367
8798
10513
8831
5348
8741
33816
11684
30219
15171
33343
8592
12009
4743
8782
6938
30688
14501
17751
27427
2981
1412
31057
7177
438
5595
13136
3775
12374
27550
8293
4404
11507
6787
7783
11029
3501
11100
9837
11927
11311
4689
2974
31002
24115
23707
12339
4545
6659
9463
5525
12186
9075
4051
1785
2134
5799
19832
33022
13051
9880
4341
10189
12633
1036
3942
15245
2955
1641
24157
21263
14743
15235
11264
4632
1500
13032
13048
11942
18866
15052
11474
6928
5175
2813
2200
2913
14624
13542
31690
12659
7074
4358
37468
12608
23282
10946
8354
34216
8182
32651
9938
13146
2286
5903
15436
10234
13295
5885
11153
4293
6927
16441
17515
7990
11885
9244
11991
8483
6559
9031
6049
12447
5034
4012
17507
12269
8995
4856
5751
3008
36009
4418
15849
17285
3437
9346
12584
34244
14339
33976
34400
31577
9962
23994
3011
11676
15355
31170
4619
9395
3155
24053
7842
1923
37440
4459
12625
4292
2170
4052
8446
1704
7680
12437
27955
3565
494
12380
3778
20760
6370
12048
5476
14147
30405
33251
25913
8575
11059
6165
18177
12138
34959
12574
12951
34372
5623
16384
10677
12873
1239
22709
36981
33740
10518
7698
20083
18307
34315
8642
2370
12390
32618
8764
12091
10639
7841
1124
9691
13266
31100
31733
5390
13782
1718
2168
2703
6154
12726
23279
8144
10056
21602
28514
22671
6801
11734
4965
11262
23536
12489
3699
14016
5278
4570
12657
188
9164
5742
1431
13670
3892
11827
14477
3614
11661
10054
27304
3478
14689
11068
20283
12436
3536
3971
30152
3957
9697
514
4814
4211
9274
6536
7255
3566
10531
2087
9923
12215
8445
22514
71
16375
17551
6901
6638
1537
9213
19491
29350
12108
3240
14272
32836
5596
13320
10994
9790
2599
14690
14873
11697
36012
4310
15732
20394
8690
6074
5273
3875
8395
7538
5531
8559
10542
12379
2215
15345
34506
18409
15880
17489
6789
6616
1864
8145
5281
6432
16167
12337
5530
3826
6274
14953
7966
12713
4240
6886
29905
3483
6699
24950
9230
9985
664
30745
5752
9080
5086
3368
15275
22332
17018
34582
11420
12732
10178
9112
13852
28043
5691
16557
34260
31330
1578
4224
8120
8716
29893
5964
23127
23865
8790
5598
8479
22745
11049
14888
6181
37214
12034
14797
24915
8294
22499
11176
33848
13198
17396
11442
10332
17249
6726
1091
9467
11928
3829
13315
6415
9911
19052
6984
7026
4524
22016
5250
37138
32924
26056
6926
13462
13611
5861
8359
11848
31904
14161
8593
6276
5888
13236
27374
32490
33389
32749
31625
17624
7403
32707
15606
32987
6178
20892
12130
7306
15119
3737
12423
11247
9594
36870
6262
8136
35876
13401
1543
2630
5293
28387
19589
33048
2823
31036
5172
4373
8837
21513
13641
19475
8814
15656
12733
8248
17695
21466
14965
9614
7155
29983
3151
8947
11618
34950
12107
23477
36480
3772
5234
13505
12843
2888
13087
9165
12426
37467
18727
10242
14730
843
12442
26097
6447
35168
34456
8154
9339
31694
14265
32489
21212
29834
4672
11542
11875
1021
5303
785
9862
7230
9267
9076
32711
11915
29134
4473
7059
9988
6346
10514
6037
6264
4854
1907
29355
8373
1191
975
9731
33000
29928
36723
14981
1954
13385
11668
2939
3558
16946
10350
9476
23700
30757
19542
5513
812
1030
15406
2561
1330
12421
617
7506
15517
8037
8432
148
29659
11572
4160
31298
6163
8157
10529
16687
33725
2676
2302
20827
4718
8387
7140
29125
9035
25627
4084
35012
21177
11717
11426
12971
6318
657
25383
33714
7962
2433
15187
13354
3485
10405
12621
9884
6427
13386
4746
29907
14273
33414
32736
11060
407
4075
14170
14171
4707
37192
1833
37439
14938
33177
7798
6764
11127
750
998
14034
3480
12315
10869
17991
6472
2730
8112
10288
8570
9624
4983
35218
12259
32465
6351
8416
9507
3060
4795
17564
3830
6258
12682
5541
33316
9808
30444
5795
12289
30201
7696
381
6910
9986
3583
8545
13507
23408
1547
12109
4704
9610
4817
9170
4686
2448
37425
9187
1682
1202
16012
267
32578
30301
3004
2459
9885
12614
6599
9331
2434
15669
7285
11478
2578
7987
7520
9650
32935
35482
22094
16342
15908
11155
4296
34584
15382
9801
10258
9536
32045
5237
27745
11266
6580
30413
3537
9096
21632
1661
671
2450
17159
15130
2708
9971
10901
1369
11741
1639
30643
37346
9355
4948
29508
7576
1321
8400
32951
23567
31786
16431
14656
4921
25131
9933
12903
15538
6159
4410
6525
7487
8652
11531
25799
27187
15182
11463
12403
3310
33003
6375
8966
31357
6127
3115
24548
23113
24245
23417
15055
699
14942
32592
3819
31744
3043
8683
23316
5955
16922
5095
10824
802
30814
11081
9469
4858
2877
4174
13718
1349
35464
31092
10240
10130
31263
1154
13536
2951
20583
27562
8775
4962
13976
10804
31216
9557
35602
14543
4869
11526
22702
33536
7092
34316
35034
11071
9045
9957
1377
4958
5933
14515
4251
12583
9841
574
12725
3453
32180
1553
18055
22472
8889
33307
22302
8404
8539
4945
21085
1430
8874
3532
9472
9987
7763
13456
8497
21799
10526
9495
2236
8034
808
9449
31237
8740
5702
28118
24163
1771
5004
4681
14176
9297
364
14640
9950
10914
7976
7833
29885
6246
1419
26210
7880
5329
33369
10184
4526
7063
2688
37205
16064
20718
11729
7271
30025
8265
10241
5276
34294
2017
2723
10467
22477
13323
12349
9693
3989
6788
7200
6458
10522
25973
2579
11015
8062
11393
12947
13137
8382
14218
11097
13506
12758
24456
2157
12630
12502
24042
7004
6663
19083
12219
3069
12028
6522
19195
569
5176
21452
14162
15264
8937
6713
4639
16721
34536
6513
12221
3235
32692
7800
32615
790
8714
2452
13546
17219
8681
37477
31322
5824
29475
5543
7829
21269
35219
16482
34479
7674
1853
3475
35178
9926
37356
15552
9156
7479
7477
15561
5656
12389
10250
9369
16323
17584
7275
3752
10543
8194
13324
19534
6019
4295
15554
15620
30089
35122
5620
37342
3708
13107
8835
23072
20855
16435
9003
1623
13434
2135
7714
4719
24080
19080
8757
9737
4562
14271
9220
3576
28017
15964
3461
10578
13934
8745
17253
13460
27210
402
17623
14817
30874
30098
34741
5047
9505
432
8948
10794
31226
4193
4688
7191
30169
11416
31563
9248
4882
32690
4370
1120
16917
8039
7109
6538
4038
34276
9788
260
5510
6823
30531
11972
2625
27100
9114
2942
2865
10490
9818
11342
8365
2210
6964
30420
736
7129
13134
10046
8518
11742
35744
4536
16285
22266
16231
8543
8286
3680
9563
1003
11715
3273
1640
33780
7804
3462
4428
34295
1555
9553
26950
6242
22413
771
1064
11208
11963
25382
9879
6605
8626
1909
18505
3655
21053
7956
4230
12515
3308
483
11401
12571
13867
15418
31673
3634
6584
16279
7531
14676
5431
1026
5026
681
7000
1573
7067
33068
6895
3314
6899
3981
11805
13186
4769
11754
36014
24140
1679
8143
15170
7972
7551
8667
8016
29297
11514
5204
14771
18146
17567
32814
913
13304
30776
8802
21887
3753
12619
2750
27594
3284
11281
13583
30059
2188
5806
6778
5252
12211
7885
6138
24192
16083
21197
15807
23116
23596
11001
6048
6761
7154
15069
2098
2195
2146
6039
8163
7428
8511
11842
12709
682
9853
34229
9609
1692
21793
13566
19497
2781
4966
8161
10835
7102
5240
34946
30243
9450
8485
9849
25336
1848
7181
10820
6372
2991
16256
8389
13758
26925
7703
23936
4542
11440
2481
8910
8433
11969
1801
34101
11849
35563
15738
8114
17761
5984
2844
16239
2005
9712
9157
11464
4032
27470
4777
8211
30927
5474
29366
10228
6988
14239
9117
13639
3394
25454
15221
9715
4748
8844
4024
735
9023
15914
29520
34983
1962
9262
15468
8166
19103
33300
9864
23189
9975
10088
6057
13849
10975
7311
8737
4895
15208
8231
29331
9464
187
31107
4700
17205
16182
2602
9589
9692
5067
12813
5201
4101
11195
8005
5469
5359
3306
9285
10883
8562
34989
3781
21818
4816
5896
9794
8647
1737
8309
4641
7609
8563
2873
33349
4339
3947
11747
10930
6986
33603
351
5167
3127
233
412
1489
11234
26629
13908
1388
9312
1559
26942
10557
9916
1941
3876
2218
1499
29505
1974
3283
6716
7060
12052
19470
6368
11305
2764
9191
5654
4281
37202
2310
11168
26563
7001
10521
35985
31161
4002
10016
16108
8849
6621
8807
6036
9936
11981
6330
9618
3626
4486
21783
7997
22878
932
27846
2437
32571
15860
12050
5886
5009
8521
2050
15526
31790
6629
18445
12963
3894
31469
4361
20151
3991
6457
7780
6430
8982
32249
5033
11565
6939
7889
9666
13565
12335
26353
4849
9639
12699
34336
21610
6041
33308
7231
4605
25511
4974
7182
1110
3152
7081
14579
13224
15696
11154
6237
29901
14155
7456
1591
35354
7
10109
8390
31133
12569
13181
5814
10243
9548
19120
8327
13539
16873
24857
9741
3183
30524
12518
15771
5421
35955
1512
6769
1733
15383
13940
32733
10981
7812
8363
5935
22396
15680
13927
30911
7055
2588
30175
10574
15080
229
801
4074
4961
6231
35452
9141
4133
4778
10176
4756
9158
20007
26937
6435
30086
11626
33817
29806
1123
4864
777
12287
1136
21173
9865
16599
10957
7162
11553
12245
31659
9535
6698
27747
3885
3510
9422
7264
24059
11598
36426
2120
10884
1482
9795
7809
3802
23907
14798
12220
11540
37215
6530
7489
6827
37355
7142
10352
10174
7939
11005
28275
8840
3498
5022
3901
23510
10774
7621
1458
14569
13264
2147
12654
3078
655
8661
8776
11829
8330
3158
14014
9915
2878
16058
612
32108
7779
33051
13452
5830
22969
9342
9078
744
5889
24049
13950
7695
3366
33027
2395
8015
30285
23059
2743
3860
3928
15678
7665
11859
18678
6797
19687
2377
8081
11718
31114
2267
10822
6966
9641
9629
4751
10642
1027
34341
4991
27730
6065
7948
12714
32200
14686
32101
7517
6521
1769
8668
24424
626
14995
12497
10641
29274
9320
13036
2984
13935
22884
9228
6064
31675
30989
5336
9652
27548
8192
29771
4186
14812
6142
4724
1415
24835
12271
16093
3160
18110
35069
12196
6516
3933
25465
6455
10463
3319
12949
7641
5031
9551
5338
9615
1556
33753
35821
31261
6735
10221
13158
22013
12467
10797
15973
8167
6728
4798
14227
2024
1215
1301
20570
7293
5220
3553
5962
5453
7655
2637
31401
1296
9623
8195
21986
8558
14948
5230
15549
10301
11104
27956
8384
32425
8869
18616
11276
2018
8281
1918
12504
9793
14542
3982
9811
14169
2485
6518
3325
7626
2910
1602
34197
4159
25854
7957
2635
15874
24699
3828
5060
11850
6381
1161
11295
34103
6995
16473
15016
27474
5583
11704
4200
8983
10583
11476
7935
26910
2219
11174
16034
10110
4697
3987
9789
9826
5923
12206
1113
37441
13199
9256
9286
35157
11080
24565
13774
7254
8076
33690
9336
3248
743
36041
29943
24013
12599
10083
6993
8717
25364
25900
10277
26978
19654
7445
8315
5128
6524
3759
25884
5750
9147
33965
10974
29788
3531
7930
35332
1686
8141
5200
26267
33478
10207
34322
6674
2208
29019
12026
8452
4553
15957
9616
5735
6206
7547
9816
11335
33831
4304
11146
10584
1515
11631
3773
2759
29969
14851
9180
10705
5713
16678
6526
13675
4233
13352
16896
5186
7914
1275
8372
2827
24478
13086
16985
27823
11574
4184
4145
3365
8750
9815
8633
6468
7381
16122
10659
8520
7844
11139
3512
894
32014
4969
10840
5093
32922
2447
2521
1705
4731
13138
5194
337
17915
35465
10059
31215
6845
4754
12020
35481
6851
5894
9317
29960
1648
513
34458
1078
5057
29886
21784
8489
820
3455
16666
1290
26354
10581
8722
14440
5192
5970
4189
2675
8396
6063
7163
7232
4680
6359
7807
4931
9057
12639
9515
365
10368
18876
12299
11212
6151
5912
6665
15449
25918
16755
3640
4115
19044
13241
8949
5468
37238
2246
30663
4723
26817
7567
32229
7289
22026
24035
1828
4462
15794
4980
22904
10934
32330
12218
16017
9688
32913
5133
8621
7839
8646
6844
11300
33371
35209
31032
10011
28533
10916
12409
14233
33149
28511
12995
36945
9103
16472
8943
4347
6884
9529
8640
5801
8965
9329
2958
1046
493
6622
14514
30669
7541
5387
4762
5647
1125
29567
15425
30779
9836
10680
2623
3400
9042
7309
6979
10555
12561
15556
13520
13276
14351
7778
3770
6930
13341
7030
15089
14895
12862
21468
9547
28091
5913
11819
8101
27803
241
1915
11397
2624
6216
29011
10643
21768
4529
14416
11725
34068
37473
16559
4023
18383
13240
7825
1568
7454
31678
9546
8542
12301
6868
2158
4478
30505
2007
3561
5674
12453
10891
31923
5754
3141
1582
29298
12185
27777
7563
5662
21848
2148
30672
7452
34525
7103
5166
11034
18941
21907
18206
15342
21765
21135
23928
1799
15375
10133
3199
9113
5605
10283
3294
10323
5630
11773
5881
11506
35061
9390
6253
15697
3622
7929
9518
6686
6283
10396
7400
5416
10203
6166
14512
33196
8617
5012
2987
22958
23737
1534
9200
5444
3926
3119
8582
12333
2831
34945
7410
7726
5534
26871
36763
23595
11579
12124
8151
7747
29259
3988
24900
5897
9462
943
2749
2498
8047
3613
19029
496
22025
11172
34585
9526
1267
14047
15721
5294
13929
26985
4248
6219
377
3194
8069
3445
7535
8658
5180
1957
268
8914
994
2093
19049
12501
2717
10762
8366
6687
8259
15777
8241
316
6682
1433
5328
6180
37186
11545
7795
2497
5575
1041
6169
2115
32971
14607
30168
5514
14127
3324
9503
757
12658
13689
12611
5362
2385
11662
6649
12250
20867
2526
9423
15754
6829
7749
19606
29892
4019
3548
2425
6519
13906
4026
5574
8135
10799
5692
15282
6909
2552
4043
1035
12032
19482
4916
6011
29374
17911
8234
23723
7985
9109
800
3929
9480
22275
7003
37194
19987
5577
5652
14697
5376
21291
13476
25673
30933
2967
3390
4829
33323
8894
3741
9820
10499
2482
3746
4031
5616
7597
3872
37164
6291
2747
4247
12488
6145
6646
9486
8560
8880
10600
16139
12198
12942
4135
6877
7631
30343
3242
7993
6506
7045
5607
9322
3629
242
72
23383
20095
8525
10356
26377
21321
21614
3782
21077
2596
6955
3960
7745
29177
9215
22968
5436
12110
6999
2911
5405
12190
7461
8453
24191
9250
8290
26906
11835
12652
13662
5178
22929
12243
3736
32485
3062
10936
34652
3064
30938
8491
25943
4577
14181
14561
20720
15054
33720
11653
29947
1004
37225
9013
1734
11784
1380
758
7235
4086
1613
10320
9802
8842
30749
13230
1865
27161
8547
2045
35123
33479
33025
3130
11322
33629
11651
3903
7608
10528
2035
10912
7425
31295
8040
11588
23405
4736
6852
410
7224
29884
7196
10558
10708
10206
20537
34240
22869
15433
5835
10172
507
26224
30665
3275
6693
3771
12089
2616
3579
1352
468
37475
34527
4106
21220
12752
3834
4063
7093
35196
1938
7746
14650
1474
9540
32544
18342
22749
3533
6611
14609
5373
24941
17641
9517
1830
336
7700
16180
12812
27251
34105
4909
2523
31202
11599
30954
11424
14236
33508
9380
17262
1103
2756
23179
20253
8285
8473
26090
2653
15326
7805
12000
5050
3694
7447
2980
33368
2444
14583
8237
25469
11529
8634
13326
5215
8326
3869
15308
22265
1095
23023
4079
22665
24267
5213
30764
1858
4384
7635
4522
1138
1647
5701
35532
7305
2569
7802
240
8739
11614
8013
4196
5564
9027
1981
26808
2618
2889
9642
14685
27352
7544
2183
9471
1605
8557
9707
3544
30337
11560
16123
37264
13265
24306
12001
11508
23679
19212
1748
9290
1545
4431
6401
13722
8833
5196
14267
10644
9689
5925
6279
32997
31420
10142
8023
1564
5905
15092
748
523
12784
34658
2654
10719
5670
5879
16173
9330
10619
9338
3285
21769
11908
2008
1539
7755
29591
12596
17833
11272
5071
3449
5068
15273
6809
13187
2055
1989
18052
18152
24663
4508
23764
7307
3163
9178
15088
22301
23602
26923
3007
7934
4953
8721
9020
3992
10561
5786
14225
3452
5646
5487
2137
2986
299
10025
3584
24210
32580
2879
31517
19237
4683
34657
3630
10962
19211
14629
10299
15169
11432
21179
8205
9847
11621
10910
3645
17788
3920
665
7694
7084
10897
23086
27242
5145
21171
734
2636
31201
10566
35768
8308
11475
34531
2271
11096
9242
5143
28580
11962
24899
5755
5685
3392
35121
24199
13846
11087
2882
6702
6978
2700
9512
6069
31236
7087
23731
12672
2046
3722
5743
9770
14927
3757
9997
9284
7784
8823
17357
6897
10864
8561
7760
5212
12097
8358
15870
2150
2317
4011
10965
10060
1473
6331
6862
34464
6053
12805
5604
5378
24235
2094
34097
13461
10942
29261
7532
22835
54
11471
13269
4130
1589
13682
2504
33941
7457
8210
1693
13980
1317
2786
3653
33050
2985
23393
6309
572
8803
29393
4831
4582
10796
33833
2577
10877
33350
33879
36126
13050
1784
6434
6510
31380
3029
4834
6336
17374
10246
2258
6825
3754
15335
25778
13841
11110
9188
8773
3508
34102
12692
2822
2711
27148
261
691
5874
9672
7925
4372
651
22419
3120
4045
4039
7091
974
20450
13815
21646
7430
433
14178
16561
12640
26766
19590
34943
13913
5922
11027
8932
31393
6157
1140
17823
24
2211
5822
4412
10728
11425
11196
4936
24455
12533
12620
3814
5649
5722
6754
2239
8238
5483
2651
34968
10351
4401
37404
5255
1295
8176
3373
10097
21577
3709
649
8078
4649
4242
3411
4232
1531
4788
11804
10128
9655
12030
27165
5836
3099
1684
4489
7524
1061
1160
6117
3467
4750
13235
1626
18308
3035
12591
12553
15081
2899
31244
3265
5256
9245
4122
6008
10008
30072
390
1429
5698
14254
3264
9067
10023
887
3110
9163
4131
10399
9444
8585
23105
8264
9844
24566
4072
2033
31156
12226
1200
6958
670
1000
6810
908
3065
2543
22446
4175
32595
5947
10222
25229
23758
13711
14883
18725
6662
13057
31213
3787
11222
6016
3350
8701
30167
34519
4573
8246
9863
13871
25797
34988
29447
497
5126
4382
2181
34494
2533
8792
1812
8688
5982
21780
11037
14599
676
4534
10143
15147
27135
12957
10908
14358
10354
9704
7209
5524
12306
7075
6732
6681
8178
9771
7983
9005
3605
29529
4599
5028
4802
6360
25929
7250
2468
6504
4995
14458
3203
2802
9980
4327
7944
6635
7610
1178
13644
12543
5013
37196
893
5049
4757
2794
8673
30657
20128
30694
5573
10984
7992
10765
6164
2376
2836
3810
37198
16591
685
2511
3595
5823
8278
4222
29706
13058
1479
11625
15752
23283
19057
5571
8996
10131
14015
3431
21873
1925
25793
2352
8242
14548
909
3783
11089
12322
3700
8987
8595
13372
9028
12748
7571
35154
31062
8699
11126
7048
30299
10979
13416
6005
11914
2128
3081
904
22205
7767
4123
5636
3458
6136
9126
2509
2959
3321
7986
33200
8196
29325
5996
4613
23147
2638
3257
5721
29326
2119
3211
8788
10493
8216
1793
17192
19568
5357
3137
10191
3816
2499
22883
13739
5463
27123
5291
10658
5319
1587
859
8988
12786
5066
7640
22786
2804
4496
7565
5585
8859
700
2907
4628
7764
22993
5477
33956
5205
30644
8877
8540
12456
37354
7471
9432
9511
2853
4313
11909
5717
1532
9740
10047
9063
1714
20516
4468
13222
9538
7617
13135
30673
2718
9488
4403
5114
25168
4657
3801
5136
8615
1749
5401
31282
4630
11566
24747
34530
22711
11373
11131
2111
4922
27686
4073
5267
19073
33366
8215
3361
10810
5599
7792
4213
4355
34158
5177
2948
8465
21653
3679
4622
104
1549
1516
5758
16929
11590
5650
7265
5366
15616
24081
5774
5939
3367
11002
1493
34176
22030
15493
4963
7980
13433
5225
827
3575
10144
1634
9257
2851
5246
5393
4016
13730
30223
3460
15825
7941
22241
4061
34537
14099
1169
8325
4022
7486
34998
4752
6328
14305
3125
9736
9108
6085
4261
9344
4124
7896
2761
7575
22834
2736
23776
4876
4702
5802
4597
2909
4695
11946
3667
8057
5621
33826
1849
2748
18686
17779
8300
5187
22333
14824
30029
1998
5268
3241
20622
8631
18084
32268
1979
1358
12729
37220
3852
8467
12088
10554
936
6470
4456
1060
151
8654
2917
7253
10183
5090
33133
13486
4092
7907
10273
12179
7314
23392
706
7562
4250
15550
37422
2774
37173
7909
14235
2584
2662
10968
3619
7204
6050
4142
23577
5027
28348
4343
23709
34301
5966
35915
436
24807
37471
6488
7208
5926
6028
1579
10267
3606
4585
1775
11445
21406
30617
2760
11790
3479
2110
7079
7399
596
14256
22820
5945
30593
13674
7933
15776
4140
4424
10494
7774
1888
7476
3925
5542
16968
3297
9402
2418
33285
319
6655
9846
14398
16552
2080
8637
34853
1708
3990
13629
3733
7472
5224
1795
28789
8449
37296
2112
7820
34488
767
8408
12350
1251
2249
14727
10483
10021
192
418
2453
8851
3243
11953
5214
22397
2657
11753
4661
8041
17047
3677
4058
10080
8868
10065
627
5430
10637
15251
1796
13495
9198
14083
31257
6623
9968
2491
4673
8072
28645
1527
6531
2182
2707
2022
6334
1770
15995
3712
15855
5195
7587
14140
24203
8700
10433
30368
30525
5346
10315
8340
24109
2883
607
13643
13975
3352
4220
9828
9222
21576
6813
1963
14322
4138
2223
4107
9104
1645
4439
4413
2963
2821
7068
6380
2243
37474
983
3978
4571
4053
34371
2217
16986
23727
10497
33326
1894
3379
3678
29341
2735
7171
2216
11900
14597
8510
8808
3389
2607
1519
7619
7974
5837
5102
31013
1620
8002
23556
64
10624
546
13720
6772
4703
17355
31409
7139
8735
7216
1293
9581
3063
13065
9686
2514
5069
4014
4120
32934
9606
5433
3009
6001
31651
23168
3628
1284
7122
9543
10893
4664
24114
7049
12377
6771
979
32943
28765
5295
4287
34894
24571
6858
18997
3791
13152
21076
6335
12470
14100
35117
3332
5618
2102
6282
3527
3552
7475
2872
2282
2935
37424
9217
22729
22219
14733
6535
2594
37155
6364
1384
4148
31221
6321
3474
11303
2661
2956
3599
2843
6963
12850
5410
18656
2830
2529
660
6502
24150
2066
14731
7691
7859
6089
3446
3295
6705
3979
3935
5684
312
30033
7673
9266
22663
6544
10510
6150
5969
3682
21633
27224
4903
30931
9906
3116
2933
29105
1230
33721
1811
24029
5961
3945
7439
568
10960
4933
7537
1214
7594
823
4986
1524
24540
2952
10492
7978
5877
4306
15163
5233
2699
6183
8270
2364
5144
33049
10479
9367
7850
17678
21122
8774
6500
2994
3398
7260
6194
7656
3217
6054
2209
11271
2264
941
4423
2129
30641
3340
4510
3091
23779
5545
22195
13284
9310
4566
3473
14541
5730
23497
3567
10586
24045
34416
33202
4015
611
7657
17012
404
1611
6770
16241
18006
6465
4082
7223
6821
10909
1031
2404
6084
13163
18097
1272
2977
24381
6109
6765
9659
9827
6031
3190
9483
4006
2964
6756
7131
6983
3280
9110
5779
31374
1252
33990
8994
3000
10989
9762
2506
1876
34475
9935
6116
22264
22263
1362
9214
4163
10107
22222
33601
6972
21864
4201
1518
13837
8864
8061
264
17976
2248
21586
449
37465
35128
30393
4720
3086
1971
1231
1203
30549
395
13459
22943
17345
8085
834
6244
7056
12164
22240
3486
6070
5157
2516
14385
4322
3564
33488
18041
24030
6236
8301
6056
31119
7888
22656
5235
2026
29890
32937
26585
1273
2149
4934
22468
11268
15551
67
8410
37461
25326
6669
10626
30363
1525
22314
25660
8440
4090
4158
4899
3388
37357
5508
6105
9160
8160
6045
753
10801
5659
24209
5099
4378
3499
3311
21487
34279
37365
32593
8148
9281
30940
30327
3112
7559
21111
7734
2064
27222
3157
3414
3103
4771
10676
5063
3522
910
32390
22299
7462
9851
8247
7931
4348
11302
33272
4436
12544
19664
7683
29673
2324
4076
19436
11012
5331
4495
7385
13046
4780
5437
3061
2949
8548
835
5210
37438
2626
1096
4556
3867
19127
7902
1802
9323
25981
4964
10926
1947
5610
3649
10931
31692
24239
4979
3057
4164
6560
31223
14017
4191
5784
9690
139
1336
3269
506
1569
25754
16959
6951
3755
4449
23729
5154
15527
3515
7378
34335
8635
9190
7585
5867
23730
1090
3136
3439
6644
5125
2386
22453
3692
8106
2666
11552
11678
4256
10773
23439
30956
30771
29353
7828
11315
2294
1724
4433
3756
13724
8608
37401
7448
11903
4872
396
3227
9577
5494
10177
12395
11099
9806
5141
2388
37323
4161
10738
36005
1405
934
6785
4337
34399
8961
9763
8978
4366
3624
10379
8341
10606
35388
1813
34592
35213
2140
8689
7161
1235
15362
2845
4954
11640
9969
37345
4893
6831
4483
1857
6018
8969
9578
6029
15619
4813
33918
2862
21211
4519
3610
6658
2489
12352
10334
6392
10145
142
6648
7823
11532
10876
7883
7078
217
9015
10171
6022
10369
21120
813
4243
3001
2293
9053
9671
6857
12035
8319
2042
1797
5558
9364
31003
2071
5333
5318
1926
11390
26383
2566
5872
33738
17790
5038
12535
1457
8866
21140
13361
15435
29224
9558
6924
4677
5911
3654
11066
8940
4226
12899
2053
8104
3068
11145
14253
8003
34956
6026
20292
492
9202
11043
9940
7751
547
9241
33499
7605
6476
11518
7713
1028
1698
2244
4874
1996
3797
1951
5778
5498
3887
18730
3363
11964
6383
15307
7911
1360
27356
7229
4708
16872
31639
1033
5960
23736
29106
23760
6565
5253
1892
10472
3281
11769
11218
2028
10615
1673
4309
34012
22964
2696
14523
3651
3370
12601
7938
5958
8599
2409
1013
3406
15412
13987
7121
1580
5165
13893
10781
9203
6678
9033
8362
63
5606
30397
6615
16858
6345
2690
10502
2367
8116
13280
36023
2171
24730
4218
8033
18922
9607
1804
4710
22172
1427
6929
9413
2366
34924
3089
10656
36934
9083
3975
11547
31634
8168
32753
2082
8480
5005
7658
203
3472
5829
1208
8204
6709
30100
24152
3270
33706
29902
10169
3893
25956
6714
2990
3364
34629
1038
9271
5104
4744
9718
37358
6643
29496
6542
8074
6462
6700
2396
6305
1584
9670
6666
23067
1792
7590
6818
391
12626
6158
5509
1424
25887
5377
5404
13424
7998
32466
2403
1453
5232
3803
2689
9298
10833
3555
1305
4301
22622
7969
5860
2329
4977
7080
24315
3676
4134
21172
8876
2920
7860
10170
8888
9340
3087
5581
534
7602
11278
9981
6916
27189
2793
11696
6652
17398
1574
5626
9445
11788
24996
1597
1914
13180
1042
10333
7529
3470
1201
2025
1486
16653
5590
4807
2864
32978
2842
5493
22822
4717
9061
1513
1127
30473
9633
7653
2191
8280
9378
3334
11886
2575
7172
2525
3862
2965
3304
1283
24034
4077
788
6579
3641
3395
4904
8945
8734
5254
13339
30900
3177
37369
3888
1884
4540
6040
11269
9965
2221
9018
10764
5459
11055
2604
4018
9363
5723
7684
885
29269
29361
5147
5257
1703
5330
8950
5528
29337
1381
22934
34312
9687
26608
5600
5360
17045
5413
19979
695
1966
13907
6860
7491
2763
2241
32575
37260
16983
4957
7688
5943
9769
686
1646
6673
3769
8891
637
5497
30628
3282
4402
1893
5957
37366
1413
3941
2290
7106
533
37421
4008
2476
8964
33547
23361
3516
2383
10697
8549
7744
5084
1551
183
3656
11175
9966
11803
7648
6527
4867
5863
5942
7652
7791
12146
1742
2016
21957
1630
5490
3980
1895
1874
1758
5580
6263
22011
1671
4390
2242
3832
2359
30212
6115
8063
2156
29052
1860
8004
23263
4629
9345
10136
2757
403
914
33940
7710
4843
4994
5936
5103
10422
2838
8795
8770
8312
5940
481
3703
3857
2379
30913
10019
8825
24363
1067
31560
10836
8589
3686
5162
2213
1842
6247
28366
7645
10192
1148
24102
37265
29880
5854
13786
4182
1691
8738
4667
1619
13723
1147
3751
8418
1416
12152
25928
24651
7876
8127
3255
3908
12180
18648
6668
31648
5231
1875
6719
8169
6545
226
9276
8556
2847
24933
297
3572
3870
9374
4808
1100
1660
7690
22045
3438
2780
9696
1159
360
2733
3750
4351
3601
23294
6763
29277
2505
2155
14009
32558
21030
8698
24418
321
10985
2449
3339
4675
3391
6361
2929
7041
4417
6112
4998
8291
4520
5628
4712
4784
5290
7737
2609
4321
2656
26612
37179
2079
35623
37199
25583
24079
2922
5521
6558
1891
1916
3815
1523
489
8222
3598
9674
35208
37363
6075
3838
4889
2808
19840
5035
1862
745
8021
5728
7198
25243
6341
5556
7178
409
36020
7469
14244
2380
4228
34449
2993
1768
4810
597
10200
4785
11637
10841
30625
3111
30741
5949
4828
4568
6608
7903
25545
27977
11329
7470
1764
23299
6498
24308
3963
4064
7335
3487
3362
4877
8299
12537
3100
2117
19791
7391
4237
2976
25106
32022
15200
7112
4356
2934
11018
4687
10361
2034
3635
12189
8367
674
3213
9824
1079
19615
1883
7945
8321
10001
1420
30032
286
4898
211
22324
279
876
675
2685
11656
944
6055
21537
22383
5251
10956
3523
3014
1146
23822
5648
631
75
411
32067
1920
246
37433
2222
10709
12388
5189
15610
7429
2634
4411
8870
4121
2686
5354
5272
6675
22268
1505
3896
3358
11771
18359
6454
3148
1901
15798
4949
36939
69
5576
4658
4062
95
5310
10424
431
25608
1387
34833
32716
6167
5918
1328
16616
8516
30633
37200
32794
2906
3542
37325
8730
5345
3496
34384
13949
4336
712
3301
6962
4863
10839
8819
11802
10504
152
6119
2674
4972
325
11772
34271
14386
5619
1337
18916
19759
3238
4992
24103
21686
5356
30057
3997
982
2921
29273
37246
6281
4897
4485
1985
4923
3715
12049
6922
24858
5025
2405
1928
35555
2153
7432
6027
2198
11723
26548
21488
3904
12632
2161
4345
25582
9289
3442
11502
2167
7687
2691
3349
30043
6043
8498
7416
3236
3246
23052
3865
1598
4633
33073
7951
12120
2231
1370
2319
3075
4749
6706
6134
9676
11197
4275
7027
34227
30407
7123
8772
35370
22336
3226
29145
5202
10012
4988
2812
5959
3858
33759
1332
10291
7213
6366
4538
13122
1122
8184
1043
4660
741
30482
13532
35172
4416
4221
3492
8501
66
1265
3133
33535
6653
4206
3337
897
25415
3518
31633
1385
9255
18703
5323
37160
6240
21
16429
34538
8991
5094
19610
10664
8771
6249
4050
4209
33524
13441
2259
1690
37161
8230
563
7482
15735
3215
22910
8824
8863
7101
2835
8648
6826
26535
18550
4078
7923
10777
10481
9154
1268
1137
1023
24935
1464
2187
9964
3835
4025
8019
30410
9909
34391
133
1086
30187
7826
34884
34246
5137
1863
959
221
990
10044
1550
9867
29897
2665
386
11751
3180
3448
28376
2315
22362
1652
4408
5073
4620
20042
6342
2553
639
33408
298
14320
4896
1670
8610
8616
3521
11309
12216
5236
6123
2519
5902
31638
677
1234
30432
10377
3263
2944
21063
3851
945
8458
6977
5289
1843
6319
3037
10311
11312
17832
33145
5800
15115
4511
7606
3113
4636
15639
5759
6017
1702
10364
6617
15555
5803
24018
8597
5875
2162
5424
7251
3589
1621
587
14281
9739
169
24097
3646
19591
7071
1111
22111
466
14986
2382
672
10556
37347
9829
3101
19296
1754
35443
1085
7697
21287
1959
23689
34642
1353
2399
2072
34321
24096
7811
5805
34149
8713
18690
2912
33723
7217
7077
35098
10279
36832
5762
3015
7262
6641
7248
31431
1593
4223
24728
6343
6695
32018
6311
1666
10507
8524
14667
13083
8229
6970
13306
2828
4589
21392
35913
4071
1343
861
23677
247
1153
6061
37168
5689
36977
22965
10297
36912
6308
3623
3854
8129
1255
591
11592
7176
2806
628
28241
9012
2429
7722
16981
33411
16857
2562
6691
37340
12973
10550
5382
6509
1094
19653
11274
6619
1009
7414
905
26032
6135
6456
16065
12634
9037
21751
2784
10321
35365
10015
4176
29403
4900
6647
18657
2548
2065
5810
7869
10874
3260
2471
5439
10482
5139
669
6466
9772
4634
5065
1583
37176
27622
5965
29707
12197
11355
2378
4490
6198
4575
9197
4379
5644
3946
12671
4
2486
2995
4065
3407
7843
2701
17250
6501
6758
31657
36671
4971
603
2203
3286
2565
22988
27637
34504
1050
6405
10359
11648
7212
25697
4279
68
2233
5465
24119
5660
2263
5664
5429
27380
2001
5351
10817
2073
9998
2125
3164
25343
4266
26635
747
5409
15571
4852
480
1844
3897
6529
30078
239
7668
19680
33702
4956
1462
19578
1195
1318
754
3055
2280
23089
12430
6413
1396
14641
4881
5858
6110
4298
3417
21018
33021
2542
5326
1005
29740
16443
981
34351
33246
1965
737
2442
4919
26947
4975
868
16051
7723
24254
10173
3726
2090
6362
5111
6495
6051
6881
10699
2583
3661
3459
34065
5559
3604
30839
8797
14444
3140
2810
4399
18228
6905
28625
9236
8099
571
7017
25766
18368
1485
10766
8335
1557
3229
33014
1019
661
6918
23420
6241
6257
8804
3707
2261
6849
7806
1562
6583
31303
9877
5432
3799
13793
6313
6191
3509
10318
2632
10763
7192
33602
29896
2714
5745
29477
1088
558
2397
16382
3621
30464
32100
2655
6083
2695
18162
8186
31645
10487
5301
2232
10042
2321
5343
2603
3312
12010
727
37178
8117
2702
9874
21271
32695
2513
4290
33585
37049
30295
1917
31093
271
5228
1117
4017
1104
37006
709
5544
37426
1908
8783
1956
5199
7874
23726
1285
16412
3895
22242
10084
6484
2522
3322
4192
31623
10988
6981
7110
9382
6657
6720
5078
1454
1017
22114
13096
11254
7158
30425
22696
8132
6904
5113
24469
149
7513
5440
5987
24183
3054
5928
5438
1577
3672
5594
3912
37445
170
33342
2996
694
259
2801
1089
5332
5757
6297
1134
134
17483
8269
6015
33112
3696
5119
8342
1659
318
14720
3454
8820
1581
29887
25895
7009
2809
10118
30376
5726
31632
6292
28331
1992
2000
28328
2169
3884
1932
5415
1315
900
804
107
3302
10181
3464
7214
8944
4127
5625
8650
2473
10682
31227
1782
4374
3274
7560
987
2904
5334
7584
3999
2431
7242
22950
37335
37247
947
821
23100
6168
2121
544
34474
2867
2251
7468
32111
1316
3441
6496
33069
3968
1346
315
3530
10353
4103
36602
14070
4509
9651
30478
32041
9588
6248
11505
6035
1882
81
4466
9724
3404
2273
3378
8177
1423
5311
5665
12675
7995
3114
8012
2846
454
1206
17520
28635
22304
32907
715
16712
29669
8477
939
4779
3385
32032
35237
6314
7942
10035
3789
6225
6592
2621
30384
1631
14595
14190
5384
27095
3705
7840
1739
5904
61
14464
3126
1422
37232
5900
962
2914
7057
18015
467
1514
21352
33785
13168
33413
4770
5269
6819
1987
15830
2769
505
6416
65
37216
2299
22284
3939
4172
1168
7516
1953
1618
2151
25964
2546
12645
4786
37156
10163
3764
5934
576
1437
1929
595
10280
73
6791
77
21022
4655
21164
1179
4737
9401
3551
5562
6903
28360
4227
19811
8295
33567
4493
5586
131
37331
23254
23026
2978
15981
2507
3072
4369
5645
3291
4955
1868
4645
21806
2070
4693
9930
6445
25773
6815
4118
34702
6042
31087
7686
29678
51
5788
2728
37385
3902
13562
4738
4942
9268
7088
2857
10689
25960
8858
2044
16617
3861
4054
21014
10322
2099
12071
9648
74
2336
29668
243
9177
4487
36918
5557
1845
6143
6333
3109
1432
10371
6411
33916
18112
7226
786
1428
6160
7483
4569
2230
37337
3500
33254
848
3503
5101
10330
2755
5123
33064
9665
673
1935
4091
6272
6906
1184
3162
22236
3033
30379
33527
13039
1861
2966
32781
20254
1364
8644
33450
805
633
11185
2237
16428
11204
1572
37154
3833
7273
36337
730
32130
17667
5859
37270
2347
4046
9314
6303
724
9091
22243
14061
5434
1011
1144
4173
346
3135
5871
3970
5085
14073
3290
598
4080
3505
18189
4095
34444
3616
204
4434
7596
4504
4576
3685
8919
3191
23714
4246
2927
7637
10925
1604
6595
10706
6976
2013
26173
4742
437
4523
11791
2464
36019
9778
1157
6804
3964
34483
29191
4960
17723
4278
8636
28080
19367
6941
5862
849
23574
23613
491
1244
17484
3471
6379
18691
37263
1766
29287
37209
8594
1018
8018
30132
5408
4469
3218
1076
435
5563
34134
919
33718
3408
3664
26458
32475
3563
3907
11402
33257
3088
70
1697
15604
7801
22908
29330
4204
33053
5992
9813
2296
3906
94
32996
11996
11537
2265
2815
3734
2571
3936
30869
3341
1841
23083
6822
3670
4866
276
1627
34297
1961
7019
32895
520
25359
6317
14975
1266
1820
14422
428
7072
5124
3186
4169
5473
3738
3313
10477
5994
29439
3085
21863
1761
4626
27558
35881
21123
2818
647
31381
2860
3577
25678
10830
2145
33100
3760
5302
1417
7058
15637
32638
1590
2564
10732
13721
143
3315
34993
29459
4728
2348
2107
3913
2043
2627
984
22221
450
29675
20
13966
13435
886
8887
2009
4102
9375
2118
6438
9438
34255
6679
3210
3796
347
1058
662
12247
4535
799
23153
5655
4438
3016
7190
1851
6348
7173
16444
2979
2256
4271
1689
4480
4272
459
3129
11527
3739
23137
9347
34490
3938
1080
2776
4800
488
57
7070
4637
4277
4512
5760
331
29676
1665
10223
2524
277
5812
160
1418
831
30936
6106
2358
1880
1382
1205
2175
3134
4915
8908
16726
2228
622
3973
23444
1130
3716
5292
23082
3843
3560
8360
22297
2943
4584
10963
2234
5672
2463
4458
1668
6520
2658
27268
5637
490
6373
3003
3058
9295
7132
1745
2277
5001
3794
4114
1487
588
1150
10838
1001
2254
32968
7274
7818
3401
3549
7639
1181
33210
6656
5198
2205
24100
36584
4470
21812
2563
3466
1601
21440
1217
9224
349
20992
2330
5876
21393
21894
5505
3663
6152
4150
28907
3877
3093
34467
10742
3144
179
11826
5761
3371
2298
10262
2545
610
2141
4320
3326
3948
6251
2492
17791
2390
582
32986
3631
1831
25218
590
2777
5082
2798
3317
6879
1753
35551
4325
5634
1854
5029
1725
34482
24011
4457
6332
197
548
2332
2620
4699
22148
1263
21068
5315
32534
30389
2918
31491
3556
129
8097
884
4684
1198
10119
33698
23094
4398
4406
5003
3850
33996
3681
2739
7729
17583
2451
1526
32697
37334
6307
8993
1121
32931
5866
1878
35981
9468
4387
115
5532
33346
1535
7715
728
3463
10508
1694
3146
98
2746
29278
3447
1510
2100
1839
3413
8519
1180
5243
22647
1135
5426
5699
1948
1855
2308
8850
4386
1314
5096
8274
1616
37170
33089
512
1825
1840
4502
18071
22779
2454
4087
3993
1986
25475
31334
32012
16899
1139
37333
2868
11129
3253
334
5072
2462
8946
2012
2333
18694
5804
2890
4397
1098
2833
8765
2301
7561
10613
441
4624
33891
31558
29671
4970
1022
2430
1243
5560
14347
739
5561
22578
3262
4837
2106
31072
460
852
13417
35936
10744
814
2968
387
7134
4128
5117
18719
4812
2501
5115
37162
4093
8
9199
522
37197
2392
2900
22317
8670
5425
888
35966
1257
2852
1717
4315
22873
23612
5668
4314
33341
30076
21817
3071
11918
29375
3030
22
34500
719
3451
3702
31383
3740
24142
1624
5045
34687
31604
3173
37244
17569
11273
6968
7050
3592
30374
3650
11606
5980
20597
34465
11853
667
34269
444
9781
3911
5930
1494
87
33071
883
394
18171
3932
3633
2998
751
1145
408
4263
3175
10224
4265
6839
4781
33339
1558
34213
3222
10365
1633
689
33764
3232
2048
1930
5839
127
3683
6768
1057
3704
32908
857
33741
2318
5016
3189
2059
5142
3369
4722
1869
7526
33684
6149
2185
34581
4391
17512
7536
4460
25413
2435
3507
116
11913
1421
28382
4389
6268
8105
4180
4308
22412
4207
6382
4985
18408
3208
82
21792
7582
2081
22247
1715
5678
5547
3412
4507
34007
212
679
6890
9963
1798
32562
34190
1541
8873
2097
11564
4119
6548
2300
1776
599
36707
231
8119
175
733
26564
30811
35023
8568
898
32604
31566
16421
401
9734
22211
4627
3612
787
8781
3230
8766
5312
5683
3520
479
16045
4528
14941
9136
11307
137
219
4307
10894
33084
3996
4583
1732
970
5793
1585
575
9822
21047
2517
7002
1980
1304
19625
29683
5419
9443
2881
1059
2108
8213
5850
18795
4500
2923
22006
1126
35052
3590
2541
10440
1229
22262
528
3714
2391
150
7284
3118
2426
5355
6288
1638
34602
7076
731
27826
1119
2204
34462
654
865
2270
4838
6213
30342
2415
10882
6469
1307
1563
2260
5579
414
2605
1172
620
6639
502
6349
5108
552
3176
6367
35624
1444
3706
25532
5511
1678
2278
890
4448
28108
19287
96
5285
22298
2312
181
1952
3921
5148
718
1592
6814
3840
3711
1552
5135
10370
4654
2345
1977
34195
30743
4559
4484
2886
24375
1155
35518
1182
3578
858
19767
29672
33221
7870
7082
20890
2799
34450
5629
28109
6692
3198
756
6410
33437
1856
5163
1232
2407
2863
37046
5663
867
2496
34440
23925
2076
37383
17436
2938
16931
25534
1967
1522
16372
30092
35879
6800
10010
2096
32724
18190
5921
2456
33033
10137
5122
2339
162
776
7290
840
6467
3986
4474
18912
5182
24101
10500
9720
928
5091
30832
35909
35914
7953
3327
3139
109
33762
2387
2945
22192
22208
1468
3671
4941
2091
21052
11251
37204
5682
1721
4395
4476
35343
30200
822
4760
5681
15548
4973
6141
7785
33960
4663
5729
3079
6696
688
4578
4475
863
5694
3166
3073
6503
28365
696
5306
2622
4034
6315
36947
2706
33250
10778
28836
1469
34706
17318
18834
8118
4137
1338
132
7543
33530
7420
2647
2250
7613
4254
9649
284
14333
4280
2375
4830
27464
4179
3147
36591
34319
4311
10593
37184
836
29670
5820
294
9436
36978
1789
34448
12126
22215
21309
996
12169
2334
25368
33991
28309
12334
11491
2762
4733
135
11823
2483
3944
2613
4906
1879
31125
6528
417
6664
2705
4165
1642
6537
1949
991
11038
6224
4833
1786
1445
542
5107
102
5238
2368
1361
1762
3761
668
6193
7996
33970
10395
36537
8579
726
34502
2595
3675
6997
6199
7752
333
17826
1262
11164
35292
24976
6189
2709
24041
103
4513
2331
2400
9458
4907
2152
3524
9878
33732
33395
4560
2014
532
2285
34233
6058
1156
1614
24538
1190
6409
13443
1452
2971
755
464
32639
21102
652
9086
7485
3465
3436
31601
30508
4659
7632
37409
6200
1536
5379
33173
33980
1116
6773
3353
378
28049
6261
1143
2124
37330
1227
3972
784
4388
4734
635
33777
2344
3150
9620
33113
1333
35869
10964
2538
11694
34476
34561
33856
3384
3132
3347
1426
32962
5502
2127
570
37172
4104
2745
37177
3469
272
3024
1461
15767
4789
3356
33388
839
13525
3271
24017
1228
34941
145
6444
1696
1040
23173
338
12503
11039
1372
8674
33727
24218
5411
2381
2727
1010
5667
34006
504
2247
2165
5963
2633
4380
988
30041
9525
31419
482
13504
634
1047
2338
3207
10188
6841
37406
5427
34454
30850
5223
5907
1390
1571
1824
335
13395
705
119
30341
30062
3432
911
3017
2417
33240
526
37332
430
392
3206
882
8159
3077
3497
2887
11093
23763
22151
8800
2721
27094
340
4761
2510
7413
7301
20986
359
7411
21272
3547
413
446
37386
29399
1814
3995
6289
22653
13201
2941
253
4990
332
2408
5400
32074
687
34311
4803
5464
11136
18931
3643
34191
7740
11510
18406
35342
7442
5030
15252
35155
6273
3272
33851
2184
9569
9264
1303
4530
9612
4853
2173
9608
1320
1881
1999
30304
9429
4028
406
5639
457
1712
1596
32113
2549
9327
33815
7761
35273
36953
5853
2901
13204
3025
2466
7159
34445
2866
2303
1755
1391
1221
2132
36988
1635
34491
424
278
3345
815
35246
7130
37336
25073
2075
4299
37233
1222
28316
34953
1695
136
2010
619
7886
1922
27572
8526
125
9534
34441
2508
3383
30990
1829
21905
2856
34426
328
2619
4679
1210
34808
37182
1170
13127
13130
4326
2902
1540
13833
16203
35530
11352
2770
35411
33994
35581
1082
34179
35151
1455
3491
30458
33972
9992
21379
35903
7047
12914
4000
455
1720
36990
7793
763
31332
32517
1334
11634
34379
33769
16602
1062
1503
8475
1261
1254
1566
34310
899
2826
2160
10544
33995
9068
3355
6626
20681
4368
5733
21081
3138
3909
33784
33888
6494
32983
3749
2712
1175
3018
1484
34026
29257
1393
918
6920
1871
2374
3910
762
10132
236
6302
97
1533
8801
18030
1867
22291
4676
2484
18258
6840
218
4891
8032
2678
3188
3625
24249
36598
7507
1517
8175
4283
13965
5499
10186
915
28117
5320
35204
1960
1968
31404
1521
35398
5641
1220
1158
986
7671
6833
35360
2054
7270
1873
3647
6956
7120
35507
2274
34469
13989
3354
19865
36194
2598
5097
3735
2372
11876
864
13249
4284
357
935
6957
769
28301
17340
2023
36609
34032
5337
7276
641
11058
23327
25226
6212
3713
1446
11053
1212
31369
1225
33955
33952
17885
11817
35950
6730
7766
93
5342
29096
579
31583
1070
21933
4555
8017
7263
33129
4776
18172
2275
33735
1779
1351
9249
12375
577
36846
206
2159
1990
34186
21425
1292
3725
1588
773
1167
969
31416
27739
7556
7790
36844
34056
3299
6514
33264
632
27982
7968
30716
26012
9403
2915
9169
34172
793
7086
646
1803
176
3328
34193
902
34779
30879
19101
3034
280
427
31450
8438
2416
782
36192
36599
15843
29962
37004
36677
8915
2884
4400
375
29095
29409
3648
31782
7539
33982
30791
34163
22216
2778
562
37010
30871
31
2166
2641
113
2021
28115
3045
25851
34897
33406
425
5070
12351
422
783
2527
3792
4625
1395
4420
1504
1490
775
3316
3717
37114
34651
20830
594
4435
794
4289
940
1308
1253
10335
1970
33255
4892
10043
34180
924
9873
33704
33215
28347
1599
30896
37152
768
6387
6661
6985
35867
21198
3489
25422
33969
2916
34098
2193
3728
34887
530
7160
8187
6161
11351
1039
1759
4362
2316
714
30901
1131
1199
28174
30459
2410
6192
26025
2528
33901
380
4001
6998
3237
25798
35723
35505
1808
2779
14373
36752
3040
26735
27942
33220
1472
28204
6188
2928
202
33214
223
6010
10645
29389
1185
32524
6967
1832
23363
36700
21325
2650
34264
35988
1809
14952
28110
91
866
3790
4873
31681
7533
3689
33147
6412
1866
1817
356
3288
23335
8185
684
2567
8769
22990
589
29997
33191
7864
3898
543
2355
3824
1442
869
5565
4396
26846
341
9201
33477
6140
32505
59
3228
486
35684
4178
15455
8598
2829
614
2582
34965
7156
4414
11249
34906
34412
35006
2591
26031
36885
2074
35367
36954
5591
2698
851
24940
3688
11477
421
34666
1600
34199
398
1032
17559
32066
35870
2817
833
6808
2997
1818
1699
9996
2174
3731
3674
1020
369
18633
1774
1213
31582
33874
7994
21143
8514
28299
35054
12465
36965
2225
32512
17203
5083
32668
536
7937
13312
2832
640
1063
2069
36970
2572
28451
25199
2659
1837
1731
36509
616
6009
948
35885
1037
807
29682
34452
4488
3586
792
4609
21685
5673
875
1287
28166
5448
3279
10948
476
3083
33597
11050
37013
35926
3165
32532
949
3149
36695
4551
34303
3402
34304
1151
17146
4367
586
1354
27945
33065
25260
456
31406
2869
34196
329
1374
557
7936
8244
62
2041
33812
26379
3767
1359
1149
29525
6959
1298
33701
34923
17939
28141
35344
10072
5686
34577
8845
35764
52
34933
1443
25189
1927
580
35615
604
2313
6267
29216
2581
35190
3154
32920
35169
4147
535
716
36980
2834
37183
38
920
5460
30165
1077
3131
9138
5309
55
34974
1302
9238
2550
1622
3382
2238
1548
19889
4989
3917
6919
33248
37165
10726
1129
429
21413
3102
1286
25317
4503
968
6352
1459
30690
2245
9166
34442
5503
3323
5462
25225
36868
2461
4349
10081
33968
30732
4437
25989
1114
2894
36853
342
99
36
710
32531
34940
2694
7759
7012
30369
9959
2040
36013
7202
30953
37195
18600
21046
400
5526
32546
434
873
37259
32507
5821
101
33709
2896
6
30084
4912
7089
1245
25261
36051
6374
29970
2713
7261
554
16127
21016
2600
30708
28157
7817
34277
36589
31071
25320
1165
14478
33745
24010
7664
33946
1886
2196
21333
1073
3181
1269
33975
399
18672
1900
1836
3602
7564
3574
28262
34022
36983
3825
32921
34984
29980
2961
1002
4007
3528
344
1726
33280
1394
4375
4517
642
33225
35587
30091
254
1311
5737
1299
26990
33278
3032
4913
2465
1277
21749
35704
474
4492
1667
21813
4081
1819
36590
34709
2189
34226
2819
34432
1247
31949
35564
1118
33093
1877
22280
5374
32497
1055
1481
912
21351
4835
1259
21300
1264
841
5275
21480
7649
21893
4850
34053
3153
34655
2178
708
6753
34451
717
35906
34340
6384
32533
3818
5161
521
11310
33244
722
1872
32521
345
307
21701
31603
56
48
31470
5100
33500
35506
524
31422
1730
9354
1340
36969
36926
12038
2297
35236
33016
2741
121
35005
33542
22235
327
34
3348
2311
22295
34356
3866
27514
34137
34049
1991
3644
5640
2570
32529
31414
85
5638
2304
2932
3937
6931
5908
967
34685
8227
8641
6190
1216
34217
1617
4499
10843
36871
27882
33226
34472
1207
35959
6762
31429
2837
10195
2722
35126
29986
525
1173
141
34066
1099
5887
3039
1335
21546
2139
765
33971
26396
1053
36955
36860
35940
1816
114
2568
35381
36699
774
9237
36861
322
5450
34994
1520
5782
28148
33892
21029
964
2515
2190
269
32496
3526
25381
5578
34782
34457
34942
29991
40
13004
519
33233
1174
3393
3611
32555
33222
34790
11243
25227
35396
4381
35701
13917
1716
2031
12235
2628
938
36195
32527
17526
1463
1109
35053
208
34280
35512
34087
1075
1780
21992
34212
32698
320
22676
33867
34251
25282
20164
34369
19007
7464
2671
692
5018
663
2292
3331
2660
32803
4276
3545
31434
643
853
33822
35319
22902
856
252
35763
3519
4539
600
25064
273
3662
3974
2186
36477
22238
28895
34615
740
36099
12466
301
1389
33950
1386
245
330
29993
34397
34913
20934
3031
352
1248
220
2664
2353
7924
27937
1710
2201
22277
33871
30808
31557
343
1355
423
32804
2004
32175
358
9046
36620
818
1240
35685
7898
36976
34473
4350
555
7881
35278
37166
34673
601
729
439
17787
16537
22252
30351
33978
6811
35174
16480
14370
7918
954
1435
32081
1414
32547
36430
2122
2629
35020
25958
3187
35156
4393
33126
13697
621
5146
2314
28999
1945
34437
28095
34218
27335
36588
33747
19601
161
37041
34187
248
566
26421
22253
34729
5008
34579
33703
36640
33766
34307
33872
3245
33235
35364
1291
21296
22900
199
105
156
461
36635
567
613
2908
36616
27981
30833
4732
30799
34919
5763
3800
32087
31083
4377
2335
35900
3214
3534
34183
16607
2192
9179
35093
33218
35214
644
7950
34774
957
2940
1288
25193
6627
35315
33798
578
826
892
1226
36957
6003
22233
235
35317
1750
3225
1171
34801
355
447
8625
20995
34427
37146
29461
36017
2930
1835
33887
1327
32508
138
825
33060
35897
2742
14059
720
33717
3585
760
1015
4792
30800
13613
33063
34396
25374
6137
33750
29494
34927
33223
1603
4208
5140
3006
33097
3831
1071
3320
34447
7670
2015
35148
9886
1366
2362
22070
34267
1773
33726
37243
11616
31924
1392
2649
33729
3107
7136
35901
22234
1083
35192
31792
22113
6211
33229
458
2895
25025
2729
4346
34453
28116
34898
34268
30768
35429
33885
22819
25211
1632
45
34434
34781
4151
32079
26404
35585
32982
30372
326
41
34786
34700
2163
35724
35892
592
34194
58
25363
35384
35592
36601
725
11246
471
1787
35021
34206
1280
36982
34211
33263
906
5601
25369
35887
33761
33707
21737
6130
6630
34024
34632
32075
10231
20566
3758
797
31992
3568
10166
25893
34154
4801
31480
1204
266
6278
34633
465
2172
34208
2849
26916
19595
27066
2597
37054
34742
29196
13482
34641
25361
2287
13654
29754
33237
629
5274
36963
2876
31705
25940
2288
4610
511
33734
1885
874
1636
1501
518
4216
34669
35935
1115
33082
33853
182
35561
34326
1052
34420
5507
35891
5109
35967
33823
35503
33979
31682
1931
2365
5262
29995
237
4049
6196
33719
26403
46
929
4976
14472
3543
7037
34423
33715
33770
33849
37169
31897
36621
1612
3949
33426
1674
6453
33997
26933
306
721
32925
22232
650
21301
6323
636
31438
950
3795
742
34498
33187
6774
27485
3488
1827
33945
1815
33824
2393
36592
26017
37020
2289
819
34648
35162
29094
25259
14570
33710
31899
35051
1897
33216
30651
9204
21412
495
2593
1806
25883
766
34207
33231
37057
32963
22334
21528
31418
34424
28125
25197
448
529
30709
29136
1250
1406
3403
2754
35142
27985
35703
288
2206
34637
1166
7548
1339
31386
30
34517
2547
15694
3976
35965
35143
1189
27936
30026
111
1939
29976
20771
350
31397
6996
1310
35958
4454
28143
167
34634
35150
1133
31430
1188
35019
21408
26856
5602
2423
35596
16745
31372
34200
9574
36987
32926
31410
606
855
19696
25445
3665
34935
602
397
36631
33964
5909
9677
34159
34220
1101
33230
26995
4214
36657
4187
19131
1683
1760
122
23806
30715
2617
937
13281
5852
32959
5420
6553
764
1368
33733
27439
798
608
2905
34185
1676
33951
393
35129
2947
7438
5609
4419
942
33869
14025
585
373
5635
2573
702
1680
850
34929
32
37072
32076
973
2537
30115
25516
24314
32869
126
33696
1309
749
32614
34754
34785
7135
112
18882
6891
2682
26796
872
34425
35179
33081
4514
31465
33954
76
34203
31620
35889
2871
854
1508
965
6757
29086
33697
17702
37096
3768
29952
531
22214
36197
7437
34481
34232
34684
34011
34029
33842
36102
6902
34446
638
1488
33875
7583
3468
817
17
2663
26888
31445
34173
33958
32093
1675
21800
34202
3435
5019
35863
32904
1969
870
2032
34486
27976
234
376
21422
37014
32912
1128
33185
2252
21337
33070
33716
5461
24739
47
13477
33722
32886
4264
34672
2439
34903
36986
469
3422
32873
3027
2797
2373
31855
36585
35153
34962
31500
28021
789
2371
19636
1196
36973
30714
772
25814
30707
33992
1560
34302
43
34439
564
33825
32684
34851
1470
130
28386
12636
33261
33266
33294
26857
921
36633
35556
17986
30744
6707
35898
1194
4735
275
29121
22428
752
100
123
35535
292
470
1142
36985
2441
25287
36654
35858
35372
5316
33855
18
1289
1365
32088
21552
33382
10703
32083
2535
6613
26926
33401
8077
33983
16249
2411
36956
12
20985
35501
3660
34421
193
896
32504
200
2640
953
33962
35695
35000
3889
33059
966
33808
33493
24303
34628
473
35851
32503
35874
34167
21284
4048
34932
36652
19498
19140
2138
33232
26894
26415
1805
27933
31417
35868
1834
1260
26382
34443
922
33497
34063
4871
34888
28337
1436
30706
29
960
1904
416
22217
35880
37051
35366
25544
30752
1937
34198
1241
213
15701
32084
34541
12471
178
3197
34636
1012
4477
33236
16706
21428
32573
3318
36949
26843
27171
34435
1677
34140
33128
32069
1054
33061
289
1644
33
1898
34205
31454
2631
34649
34686
32525
1348
946
1480
7294
34916
32958
274
21598
1187
34299
19596
33189
5321
36961
317
35199
36788
30750
25986
36962
32643
35363
34415
35899
33485
32927
881
5226
33224
34954
33217
33959
36641
36975
36577
34219
7183
12451
14441
553
2677
31365
2670
5633
1958
9000
30238
1319
615
27046
4901
36018
35
1045
257
1074
33412
3258
32059
1502
830
32078
34614
16
15631
120
30792
35871
34803
27428
34189
34061
33843
33731
2536
3482
22231
14130
36583
32073
36597
678
35232
16081
21377
5120
33407
1777
666
780
33238
17983
2095
33447
37073
34192
33476
34062
33596
34667
33188
20703
30737
1183
25962
30710
4316
34429
300
1681
32061
3038
1197
25468
36498
21454
3808
35378
29087
33595
31898
36574
35277
33949
34889
34461
34175
90
30195
25586
33405
34619
84
33501
34975
35049
8623
30894
440
25233
35275
32063
34981
13298
2322
20642
35513
6697
3855
34771
35502
36960
20870
593
1576
31894
34501
32518
35857
1112
1383
388
15
36618
25213
824
1152
296
19594
30802
2875
6733
1507
33234
1546
33957
23257
475
478
630
2586
13533
37112
609
15826
92
29209
368
25072
32946
37151
32071
36979
34224
37149
17064
35504
371
36968
285
34463
28128
3569
510
33755
33942
35390
27584
32498
83
35990
29200
36967
1401
27716
680
550
701
31895
23377
36858
30733
889
33948
29957
451
2389
34204
214
34663
25370
2051
4611
690
34146
185
35050
34890
32543
1491
703
33055
32947
605
3620
35953
256
36984
34922
4541
26
30734
29961
35500
26822
33828
31439
34270
1376
36193
32502
3541
2885
1347
27077
34964
25315
17982
33961
29176
34820
3300
339
35853
1870
30704
35886
25662
32914
33752
4407
5712
35428
26865
35883
791
32072
951
9774
35371
29964
35589
25378
35907
32068
34915
291
21376
79
172
25969
35231
34431
29966
34671
33724
29104
27456
33981
35852
32923
34031
24631
282
21628
35862
35902
35861
30119
13791
3276
36958
5927
2123
34433
13025
50
33944
30007
2744
32942
34970
35496
565
308
4758
34631
4338
190
36951
5249
34893
3793
31198
2266
30712
36582
25589
34892
110
270
27127
6139
11
32060
23906
32077
33219
21313
222
372
35280
34422
35762
21292
34630
28020
34139
10
10117
2
35956
3067
29958
5983
21426
34703
3145
2291
527
1565
224
704
29950
770
36971
32961
2320
880
32511
19376
5736
31394
367
31382
25235
31364
35161
35859
5582
35497
17458
309
33973
1425
19849
963
26901
1132
837
32062
37094
31896
30504
30885
124
34850
37
35916
33429
34796
33967
295
453
1713
353
27388
30729
36191
25198
36604
36972
25891
36964
32892
18058
2999
33057
1044
34162
2512
36073
31605
27240
707
14051
27003
36586
29963
35238
33305
5221
118
34780
537
28111
36587
4694
36570
13
34979
34148
1056
30067
33834
35009
42
25827
379
34284
28217
33184
723
25324
30908
19
1711
549
1186
15666
374
29881
21520
34926
13457
36024
166
60
31379
2752
3244
2585
33847
2164
33481
1719
36634
2467
163
32910
31367
225
581
2049
21461
30834
28090
37110
33754
35864
24019
1211
34798
383
3
1
22309
25
27434
34967
34018
3374
15770
117
4623
34286
31091
32501
18441
29955
693
324
32167
7900
19593
31368
32086
26829
303
22839
28005
34014
22909
1081
34612
31425
26393
4463
34534
36627
35379
1438
34909
29100
35375
32510
2202
36617
35385
34955
2587
16495
35510
17024
27225
31366
16424
171
32903
1530
35856
1193
573
462
17601
25217
1738
33267
17296
29972
293
33705
23013
25267
2544
30793
34298
385
1471
32658
34976
32523
33190
86
25609
36946
32929
21801
415
916
26999
545
32506
15657
26378
37061
215
250
1756
34644
35290
29037
32960
958
29953
33756
384
25595
36525
29666
36481
34253
29210
35017
33391
2419
21423
1912
37111
147
26903
34711
29954
33966
258
31371
1218
35639
21324
35527
34920
27234
29956
281
1896
34899
35983
31197
27951
33953
8108
29951
16996
34980
31375
32530
1397
2401
210
2255
36575
405
35099
39
34900
10115
228
35380
195
917
7542
32909
33805
44
16101
27223
35359
8609
2440
21344
28100
7554
14
33943
34683
33183
34918
244
2667
3440
36950
36664
2614
35007
22156
3916
28004
33489
2406
19584
31378
25325
7422
7065
34896
32569
28341
32196
32174
186
36581
283
5516
28113
22985
32906
31376
6973
34281
36479
34908
32522
168
31099
34928
28200
34891
31472
34345
88
2816
12122
1051
35322
27435
194
29101
24498
33186
304
35854
648
5222
24008
34459
34468
34635
305
5229
35014
27
9678
28852
32928
1102
29959
3028
31466
36571
1029
164
21451
17450
35136
323
3174
5739
25530
49
89
32500
290
21285
27954
35875
29098
32930
24959
4157
27062
8611
31196
18139
25576
25214
249
31370
34182
251
36576
28600
26063
1163
26867
33396
35942
35215
28
35229
21450
1791
477
24958
2276
1794
3224
35947
34181
3267
5
80
16860
34660
1300
27949
1164
32065
26858
27078
165
30730
32905
34645
36573
32426
27720
25601
22002
35860
53
35310
732
30722
29089
31195
32064
35546
30705
34656
184
354
35865
23647
35427
29102
36948
34184
25628
30917
35888
30713
25210
35101
35103
389
22335
29090
265
28101
30728
2272
201
34620
29091
24961
2931
32058
35100
24960
196
24874
35499
28022
35102
28662
